0 0.3835375 0.42751875000000006 0.342728125 0.427121875 0.342728125 0.41444375000000006 0.3835375 0.41444375000000006
0 0.34352031250000004 0.387896875 0.34312343749999996 0.41364999999999996 0.40097187500000003 0.41444375000000006 0.40097187500000003 0.3890859375
0 0.46000781249999995 0.3902734375 0.40295312499999997 0.38987812499999996 0.40255625000000006 0.41563125 0.4596125 0.41642343750000005
0 0.40255625000000006 0.4318765625 0.4184046875 0.4318765625 0.418009375 0.41563125 0.4021609375 0.41563125
0 0.3835375 0.4148390625 0.383934375 0.43306562499999995 0.39859374999999997 0.43266875000000005 0.40097187500000003 0.4148390625
0 0.3506515625 0.437028125 0.37917968750000003 0.437028125 0.37917968750000003 0.4279140625 0.3506515625 0.4279140625
0 0.4176125 0.4302921875 0.459215625 0.4302921875 0.459215625 0.41682031249999996 0.418009375 0.41602812499999997
0 0.4223671875 0.4390078125 0.4504984375 0.4394046875 0.45010312499999994 0.42989531249999996 0.42276406250000004 0.42989531249999996
0 0.42503437499999996 0.1996125 0.4330984375 0.2105 0.4516484375 0.1947734375 0.44439062500000004 0.1854984375
0 0.4085 0.1939671875 0.4395515625 0.16936875 0.45003593750000004 0.179046875 0.417371875 0.20566093749999997
0 0.399225 0.18146562500000002 0.42019531250000003 0.1637234375 0.4302765625 0.1762234375 0.408096875 0.1927578125
0 0.238728125 0.3883375 0.2605046875 0.371803125 0.226228125 0.3250265625 0.2044515625 0.34276875
0 0.2044515625 0.3629328125 0.22743750000000001 0.3955953125 0.237921875 0.3883375 0.2133234375 0.3556734375
0 0.21614687500000002 0.3927734375 0.22138906249999998 0.387128125 0.2060640625 0.3669640625 0.19840312499999999 0.3722078125
0 0.18953124999999998 0.3540609375 0.201225 0.343575 0.21090468750000002 0.3560765625 0.19880625000000002 0.3657546875
0 0.144365625 0.324621875 0.151221875 0.3193796875 0.1669484375 0.33914062500000003 0.1576734375 0.34478593750000003
0 0.18146562500000002 0.3375265625 0.169771875 0.3463984375 0.1770296875 0.35728593750000004 0.1903375 0.3480109375
0 0.1548515625 0.30365312499999997 0.1447703125 0.310509375 0.17017500000000002 0.3451890625 0.18146562500000002 0.3363171875
0 0.2105 0.331075 0.190740625 0.3472046875 0.1552546875 0.302846875 0.1746109375 0.285909375
0 0.189128125 0.19316093750000002 0.2322765625 0.15888437500000002 0.24840625 0.1774328125 0.2048546875 0.21292031250000001
0 0.237115625 0.1548515625 0.2814734375 0.1185578125 0.3000234375 0.13993125 0.25365000000000004 0.1754171875
0 0.179853125 0.18025625 0.2048546875 0.162915625 0.2137265625 0.17219062499999999 0.188725 0.1935640625
0 0.22219531250000002 0.144365625 0.2113078125 0.1532375 0.2230015625 0.16452968750000002 0.23267968749999998 0.1572703125
0 0.273409375 0.1084765625 0.24800312500000002 0.1270265625 0.25727812499999997 0.1395265625 0.2830875 0.1205734375
0 0.226228125 0.14033437499999998 0.23590624999999998 0.133075 0.24840625 0.1467859375 0.237921875 0.15444843749999998
0 0.38753125 0.032260937499999996 0.3560765625 0.05645625 0.3730140625 0.0786359375 0.40648437499999995 0.0532296875
0 0.4395515625 0.025404687500000002 0.4226140625 0.0052421875 0.3915640625 0.028631250000000004 0.408903125 0.0496
0 0.3451890625 0.0508109375 0.36817500000000003 0.0318578125 0.3766421875 0.0411328125 0.3512375 0.0612953125