0 0.0756578125 0.926809375 0.10608593749999999 0.9391453125 0.0921046875 0.9753296875 0.059210937500000005 0.9613484375000001
0 0.042762499999999995 0.9564140625 0.037006250000000004 0.969571875 0.0583875 0.9810859375 0.067434375 0.9662828125
0 0.13486875 0.953946875 0.1077296875 0.9984375 0.14473750000000002 0.9984375 0.1628296875 0.969571875
0 0.16200625 0.9810859375 0.1546046875 0.9934203125 0.166940625 0.9984375 0.182565625 0.9984375 0.186678125 0.9934203125
0 0.705915625 0.8800218750000001 0.674665625 0.9157359375 0.725446875 0.9564734375 0.7466515625000001 0.9302453125 0.709821875 0.9017859375 0.7193078125000001 0.8889515625
0 0.7739953125000001 0.8091515625 0.7466515625000001 0.8431921875 0.764509375 0.8577015625 0.7924109374999999 0.82421875
0 0.8515625 0.787946875 0.8454234375 0.8113843749999999 0.8727671875 0.8197546875 0.8805796875 0.795759375
0 0.85546875 0.8152906249999999 0.8404015625 0.8677453125 0.8800218750000001 0.8800218750000001 0.8950890625 0.8286828125
0 0.6595984374999999 0.5998890625 0.6333703125000001 0.6640625 0.6735484375 0.680803125 0.6891734375 0.643415625 0.6724328125000001 0.635603125 0.68359375 0.6110484375
0 0.9274546875 0.5686390625 0.9140625 0.616071875 0.9525671875 0.6272328125 0.96484375 0.580915625
0 0.9380578125 0.6233265625 0.92578125 0.66796875 0.94140625 0.671875 0.9525671875 0.6294640625000001
0 0.9665171875 0.46819218749999997 0.9503343750000001 0.514509375 0.9821421875 0.5251109375 0.9966515625 0.47823593750000004
0 0.069196875 0.1439734375 0.0569203125 0.16964218749999999 0.100446875 0.19363906250000001 0.11328125 0.171875
0 0.059709374999999995 0.171875 0.049665625000000005 0.1869421875 0.08984375 0.209821875 0.0998890625 0.19363906250000001
0 0.36328125 0.13113906250000001 0.350446875 0.15848281250000001 0.3922984375 0.176896875 0.40625 0.15067031250000001
0 0.422990625 0.157365625 0.40290156250000003 0.202009375 0.43973281249999996 0.2181921875 0.458146875 0.1763390625
0 0.5217640625 0.204240625 0.5055796875 0.24051406250000001 0.54296875 0.2572546875 0.559709375 0.2220984375
0 0.619978125 0.248884375 0.596540625 0.297990625 0.6439734374999999 0.3197546875 0.6657359375 0.2700890625