0 0.9140625 0.6572265625 0.947265625 0.6591796875 0.9453125 0.7109375 0.9111328125 0.7080078125
0 0.22275625 0.1511359375 0.2706921875 0.1460609375 0.2757671875 0.1866640625 0.2267046875 0.1917390625
0 0.2611046875 0.204146875 0.277459375 0.20132656249999997 0.2757671875 0.1844078125 0.258284375 0.1861
0 0.20132656249999997 0.10996874999999999 0.15903125 0.113915625 0.1584671875 0.12745 0.204146875 0.12237499999999998
0 0.1612875 0.0056390625 0.1951234375 0.00225625 0.194559375 0.015790625 0.1618515625 0.018609375
0 0.157903125 0.09812499999999999 0.1985078125 0.0936140625 0.199634375 0.108840625 0.1595953125 0.1122234375
0 0.162978125 0.033271875 0.194559375 0.0298890625 0.1951234375 0.0163546875 0.1595953125 0.020301562500000002
0 0.160159375 0.08177187500000001 0.199634375 0.0766953125 0.2024546875 0.0913578125 0.1618515625 0.0969984375
0 0.162978125 0.0496265625 0.1618515625 0.03665625 0.1951234375 0.033271875 0.1962515625 0.04624375
0 0.156775 0.0654171875 0.1584671875 0.0789515625 0.2024546875 0.07444062500000001 0.199634375 0.0603421875
0 0.15564687500000002 0.05131875 0.19794375 0.04624375 0.1990703125 0.0592140625 0.15621093749999998 0.0654171875
0 0.183865625 0.997378125 0.22889374999999998 0.9763640625000001 0.222890625 0.9591031250000001 0.174109375 0.98236875