0 0.71875 0.28828125 0.7796875 0.29453125 0.77734375 0.32890625 0.7140625 0.321875
0 0.2671875 0.3015625 0.2546875 0.3328125 0.31875 0.3625 0.340625 0.31171875 0.3265625 0.30390625 0.3171875 0.32578125
0 0.15859375 0.31953125 0.1484375 0.35 0.2140625 0.3734375 0.22421875 0.34296875
0 0.14453125 0.3640625 0.13359375 0.39453125 0.16015625 0.40625 0.17265625 0.37265625
0 0.12890625 0.4078125 0.115625 0.4390625 0.1828125 0.46171875 0.19296875 0.4328125
0 0.715625 0.32890625 0.7125 0.359375 0.728125 0.3609375 0.73125 0.328125
0 0.92109375 0.1453125 0.89921875 0.1859375 0.94140625 0.209375 0.96328125 0.17265625
0 0.89296875 0.953125 0.9171875 0.96328125 0.909375 0.98203125 0.8859375 0.97265625
0 0.9234375 0.92578125 0.91015625 0.9578125 0.9421875 0.975 0.95625 0.9390625
0 0.9859375 0.953125 0.95703125 0.9984375 0.9953125 0.9984375 0.9984375 0.990625 0.9984375 0.9609375
0 0.50703125 0.0078125 0.47890625 0.06640625 0.5140625 0.08359375 0.5421875 0.028125
0 0.54453125 0.03359375 0.51953125 0.0828125 0.53203125 0.08828125 0.55703125 0.040625