0 0.7326203125 0.4964140625 0.704809375 0.4468875 0.661759375 0.4697453125 0.6895703125 0.5227015625
0 0.76119375 0.44726875 0.7543359374999999 0.451078125 0.766909375 0.47431718749999996 0.774146875 0.4697453125
0 0.749384375 0.42326718750000003 0.775671875 0.4091703125 0.8023390625 0.45526875 0.774528125 0.4697453125
0 0.6381390625 0.8757109375000001 0.6811078125 0.8348718749999999 0.671875 0.8217328125 0.6296171875 0.8639921875000001
0 0.6484375 0.890625 0.6942468749999999 0.8579546875 0.6867890625 0.8465906249999999 0.6402703125 0.87890625
0 0.6583812499999999 0.9066046875 0.7056109375 0.8735796875 0.6967328125 0.86115 0.6509234375 0.89453125
0 0.6693890625 0.9232953125 0.7166187500000001 0.8892046875 0.7080968750000001 0.8778406249999999 0.6619312500000001 0.9105109375
0 0.6800421875 0.9385656250000001 0.7279828125 0.9037640625 0.71875 0.8924 0.6722296875 0.9264921875000001
0 0.6903406249999999 0.9541906250000001 0.7379265625 0.9201 0.7290484375 0.90838125 0.6825281249999999 0.9417609375
0 0.7436078125 0.93359375 0.7368609375 0.9247156249999999 0.6921171875 0.9563203124999999 0.6981531249999999 0.9651984375
0 0.6807531250000001 0.8128546875 0.7151984375 0.77734375 0.7237218750000001 0.7890625 0.6892750000000001 0.8245734375
0 0.7340203125 0.8053984375000001 0.7251421875 0.7926140625 0.6889203125 0.8256390625 0.6960234375 0.8355828125
0 0.7034796875 0.8497875 0.7436078125 0.8206671875 0.7354406250000001 0.8089484375 0.6956671875 0.8373578125
0 0.7560374999999999 0.8362921875 0.7464484375 0.8238640625 0.7059656249999999 0.8529828125 0.7151984375 0.8654125
0 0.7652703125 0.8519171875 0.7571015625 0.8405546875000001 0.7176843749999999 0.8682531250000001 0.7258515625 0.8796171875000001
0 0.7769890625 0.8668328125 0.7674000000000001 0.8547578124999999 0.7276281250000001 0.8845875 0.7368609375 0.8966625
0 0.7482249999999999 0.9122875 0.7872874999999999 0.8828125 0.7787640625 0.8714484375 0.7393468750000001 0.8998578125
0 0.7993609375 0.8995031250000001 0.7897734375 0.8860078124999999 0.7489343749999999 0.9165484375 0.7578125 0.9268468750000001
0 0.8011359375 0.7521312499999999 0.7411218749999999 0.8110796875 0.7247874999999999 0.7865765625 0.7837359375 0.7297578125
0 0.7478687500000001 0.8220875 0.8029125 0.7702421875 0.7950999999999999 0.7602984375 0.7404124999999999 0.8117890624999999