0 0.0004890625 0.7856453125 0.0302734375 0.7934578125 0.0219734375 0.8203125 0.044434375 0.8266609375 0.0302734375 0.8798828125 0 0.8715828125
0 0.0668953125 0.9580078125 0.057129687500000005 0.9917 0.09716875 0.9984375 0.1064453125 0.97265625
0 0.0771484375 0.5693359375 0.0629890625 0.614746875 0.0869140625 0.6220703125 0.075684375 0.66748125 0.0927734375 0.6728515625 0.103028125 0.6259765625 0.11328125 0.58154375
0 0.1157234375 0.4697265625 0.1005859375 0.5151375 0.1298828125 0.5239265625 0.14453125 0.478515625
0 0.25732499999999997 0.0004890625 0.2509765625 0.014160937500000002 0.322265625 0.044434375 0.3388671875 0.0009765625
0 0.49072343749999997 0.020996875 0.46240312499999997 0.0859375 0.4921875 0.09814375 0.5200203125 0.033203125
0 0.528809375 0.0419921875 0.51904375 0.0668953125 0.548828125 0.0791015625 0.560546875 0.0546875
0 0.57421875 0.0576171875 0.5463875 0.12060625 0.5751953125 0.1337890625 0.6025390625 0.069825
0 0.8681640625 0.0034187500000000003 0.8618171875 0.0434578125 0.892090625 0.0478515625 0.895996875 0.03125 0.9267578125 0.036621875 0.9306640625 0.0122078125
0 0.7724609375 0.24365312499999997 0.7504890625 0.28515625 0.7934578125 0.30712968749999997 0.814453125 0.2646484375
0 0.788575 0.21044999999999997 0.8310546875 0.2333984375 0.818359375 0.255859375 0.8115234375 0.25048906249999997 0.8071296875 0.26025468749999997 0.7724609375 0.2421875
0 0.744140625 0.29638749999999997 0.783203125 0.3154296875 0.759765625 0.35986406249999997 0.7216796875 0.3427734375
0 0.69091875 0.400390625 0.665528125 0.45263749999999997 0.7021484375 0.47021562499999997 0.7275390625 0.4189453125
0 0.9364921875000001 0.61945625 0.9188515625000001 0.6638109375 0.9400203125000001 0.6723796875 0.923890625 0.7071578125 0.9173390625 0.7061484375 0.9143140624999999 0.71320625 0.9591734375 0.7313515625 0.9868953125000001 0.66330625 0.9722781250000001 0.659778125 0.9768140624999999 0.649696875 0.96875 0.645665625 0.973790625 0.6325609375
0 0.9309468750000001 0.5700609375 0.921875 0.5947578124999999 0.9833671875000001 0.6189515625 0.99143125 0.5942546875
0 0.982359375 0.5161296875 0.9642140625 0.5630046875 0.9778218750000001 0.567540625 0.9697578124999999 0.584678125 0.9964718749999999 0.5957656250000001 0.9984375 0.58820625 0.9984375 0.52268125
0 0.9727828125 0.4248984375 0.9495968749999999 0.484375 0.9783265625 0.49546406249999997 0.9984375 0.4359875