0 0.060368750000000006 0.45951718750000003 0.049715625 0.49005625 0.075284375 0.497159375 0.0696015625 0.5120734375 0.09517031249999999 0.5213062500000001 0.109375 0.47798281249999997
0 0.3082390625 0.39701718750000003 0.34943124999999997 0.37215937499999996 0.38423281249999997 0.42613593749999995 0.34375 0.45170468750000003
0 0.411221875 0.5475859375 0.45951718750000003 0.5610796875 0.45099375 0.5916187500000001 0.401278125 0.578125
0 0.43678906250000005 0.5923296875 0.43110781249999997 0.6122156249999999 0.448153125 0.6171875 0.45383593749999995 0.5951703125
0 0.6115062499999999 0.88494375 0.5894890625 0.9126421875 0.5973015625 0.9176140625 0.5894890625 0.9282671875 0.6150562500000001 0.9488640625 0.6448859375 0.91193125
0 0.7982953125 0.9389203125 0.7876421875 0.9893468750000001 0.8167609375 0.9957390625 0.8203125 0.97869375 0.8473015625 0.9836640624999999 0.8529828125 0.9524140624999999
0 0.88849375 0.9573859375 0.8813921875 0.9907671875 0.9254265625 0.9984375 0.93963125 0.9984375 0.9446015624999999 0.9694609375000001
0 0.0426140625 0.1058234375 0.06676093749999999 0.1157671875 0.059659375 0.1328125 0.0355109375 0.1214484375
0 0.073153125 0.07670468750000001 0.05894843749999999 0.1107953125 0.0930390625 0.125 0.1079546875 0.09019843749999999
0 0.13565312499999999 0.10369375 0.1008515625 0.1605109375 0.1292609375 0.17684687500000001 0.1633515625 0.1207390625
0 0.1633515625 0.12997187500000001 0.15340937500000001 0.14275625 0.17826718749999998 0.1569609375 0.1875 0.1441765625
0 0.0944609375 0.17400625 0.080965625 0.1953125 0.13494375 0.2279828125 0.1555390625 0.1953125 0.1214484375 0.1754265625 0.11505625 0.18536875
0 0.7057296875 0.0286453125 0.673828125 0.06705781250000001 0.7278640625 0.107421875 0.7467453125 0.08072968750000001 0.7102859375 0.052734375 0.7194015625 0.0384109375
0 0.900390625 0.1419265625 0.892578125 0.1725265625 0.9322921875000001 0.1829421875 0.9420578125000001 0.1516921875
0 0.916015625 0.10807343750000001 0.9055984374999999 0.142578125 0.9303390625000001 0.1484375 0.9407546874999999 0.11588593750000001
0 0.8463546875000001 0.0006515625 0.8391921874999999 0.017578125 0.8802078124999999 0.0305984375 0.888671875 0.0006515625