0 0.6763281250000001 0.0438671875 0.6811484375 0.056882812500000005 0.7177859375 0.039528125 0.712 0.0265125
0 0.686934375 0.0684515625 0.7235703124999999 0.0510984375 0.74140625 0.087253125 0.7047703125 0.1031609375
0 0.7105546875 0.132565625 0.7549046875000001 0.1128015625 0.7491187499999999 0.0997859375 0.7052515625 0.11955
0 0.73031875 0.14076093750000002 0.7496015625 0.1316015625 0.7442984375 0.11955 0.7221234375 0.128228125
0 0.7611703125 0.12678125 0.7553859375 0.11376562500000001 0.747190625 0.117140625 0.7534578125 0.13015625
0 0.7332109375 0.1557046875 0.76791875 0.139315625 0.761653125 0.1277453125 0.7283906250000001 0.143171875
0 0.7389953125 0.169684375 0.77466875 0.1528125 0.7698484375 0.1422078125 0.7346578125 0.158596875
0 0.7385140625 0.21307031250000003 0.7814171875 0.19137656249999999 0.776596875 0.1798078125 0.73369375 0.2019828125
0 0.7442984375 0.22415781250000003 0.780453125 0.206321875 0.7756328124999999 0.19523437500000002 0.7404421875 0.2111421875
0 0.776596875 0.22319375 0.7404421875 0.24102968749999998 0.73369375 0.22705000000000003 0.7703296875000001 0.210659375
0 0.7982890625 0.21210625 0.7626171875 0.2299421875 0.769365625 0.24199375 0.8045562500000001 0.22415781250000003
0 0.7568328125 0.24970625000000002 0.76358125 0.26127656250000003 0.8069656249999999 0.23813749999999997 0.7997359375 0.2265671875
0 0.7351390624999999 0.20680312500000003 0.7283906250000001 0.2111421875 0.73369375 0.2222296875 0.743334375 0.2188546875
0 0.7447812500000001 0.2521171875 0.7534578125 0.24729687500000003 0.7481546875 0.236209375 0.7404421875 0.240065625
0 0.7626171875 0.243921875 0.7563500000000001 0.232834375 0.7496015625 0.23524531249999997 0.7553859375 0.2487421875
0 0.8098593749999999 0.309 0.7997359375 0.286825 0.7799703124999999 0.295984375 0.7905765625 0.318640625
0 0.8320328124999999 0.27188124999999996 0.8007 0.285378125 0.8180531249999999 0.32394375000000003 0.8517984375 0.309
0 0.6233015625 0.31574843750000003 0.6435484375 0.355759375 0.617034375 0.36636406250000003 0.5996812499999999 0.3273171875
0 0.6493328125 0.303215625 0.660903125 0.326353125 0.6343890625 0.3388875 0.6233015625 0.31574843750000003