0 0.9718706096279945 0.7561034925469594 1.0006944714521149 0.7801648216837197 1.0002770436277455 0.7894953398807034 0.9984083479388013 0.7963902568447863 1.0002852038709287 0.7982777919890739 1.0002054845721393 0.8170638454949042 0.9601970676671231 0.7846799486255548
0 0.6108569097426902 0.218029843088938 0.6526752654761229 0.2204821876850348 0.6499735972714821 0.26655769075180036 0.6090989391670226 0.26439668067531275
0 0.5930151819211102 0.2274597052408842 0.6065014709907206 0.2647114559033961 0.5800716987424864 0.30117068737463415 0.5668351565883832 0.26439668067531275
0 0.5629307940807472 0.27040754806265055 0.5774980835847199 0.30543578009274336 0.5575544492450715 0.3333983128541549 0.5433995658773554 0.29722706722988684
0 0.49432310189903694 0.3226155869559777 0.537495497737319 0.4224116127247692 0.5327589954652743 0.42972176509611104 0.5361775096480051 0.43801419477494724 0.5313070998896854 0.4443956486010216 0.5348235369906142 0.4525920829975345 0.5294007415398959 0.46034872505410107 0.533276857051898 0.4679267712365777 0.5286161027722842 0.47494558908831047 0.4853668139015245 0.3761128648153913 0.4900369838463496 0.37006404580480934 0.4867308299351407 0.3615796255613265 0.49126729743396486 0.35458201596964195 0.487905277242502 0.3455394836196282 0.4927053833672436 0.3392015625378632 0.4888725799152137 0.329789559973326
0 0.45350348518538763 0.373832418748106 0.46700115512135204 0.4049907014315135 0.48321367519325314 0.3824853888477612 0.46972102694540147 0.3509732630888131
0 0.4720050208222506 0.17101227510227565 0.4905930494952682 0.14075580763828383 0.5162163114567806 0.19982805548265536 0.49644578789465615 0.22866082509751165
0 0.5342283772710155 0.11330935955671469 0.5385712123458208 0.12461059833052114 0.5509103058776156 0.10803046462015854 0.5463538448958395 0.09706153527271359
0 0.5394291763352981 0.12543219770980749 0.5438789944959415 0.1363025894972884 0.5560510853061869 0.11919986693442691 0.5514476189817319 0.10884730701379147
0 0.5444199338551318 0.13743611122156435 0.5487579962030904 0.1482942707602222 0.5613275305611883 0.13125746642712974 0.5565819017369246 0.12107479885125988
0 0.5491171174032105 0.14909208521124134 0.5535525411563208 0.15984151364924917 0.566007810494411 0.1429372253450739 0.5617326172541921 0.13246777949123975
0 0.5574350466029333 0.16126996848403818 0.5619565614071167 0.17236733644412597 0.5743182022171069 0.15519801608211636 0.5697166466789398 0.14465857458223877