0 0.11867745517295993 0.4518771387650554 0.12488931067920298 0.4555364460123046 0.11074738046352212 0.5333996997763141 0.10495442364225499 0.5293409173581716
0 0.13589856204608836 0.46042189355681723 0.14153835134772833 0.46406113147729916 0.12733784127366377 0.5425742491556804 0.12127348235621517 0.5383960064591606
0 0.14317350201586798 0.49028791883333567 0.13696159837529015 0.5255220111790103 0.14332584317327193 0.5302163222781193 0.14894950957810907 0.4949554708300882
0 0.159935651459577 0.48328085674484456 0.14729207578677517 0.5528755478807001 0.15307482144006718 0.5569324189343886 0.16601505841404157 0.48721253342679377
0 0.17812853515125363 0.4836822432801919 0.17330583234829436 0.5098449999270181 0.17961955873629384 0.5135434901455751 0.18381527391429106 0.4867213127621069
0 0.16863287654360948 0.5353043744547596 0.1641480269642706 0.5617700823675504 0.1698318855171717 0.5655125339685503 0.17432211227676786 0.538691312267309
0 0.20537694680797156 0.5228269872988215 0.20572156159429672 0.5367187841507451 0.25003319373738025 0.517400623613817 0.24964946879347222 0.5033597403344785
0 0.2527176216055017 0.5025206513391574 0.2531642602964954 0.516567268711858 0.26760876354217655 0.5100208454567893 0.2672943670545208 0.4958547678057115
0 0.4253088506281977 0.5108475358114525 0.45451734930656934 0.5248047618423479 0.43759610157065987 0.6323882402702616 0.4094379294400658 0.6191990332931882
0 0.8412683096314656 0.6455456707496637 0.8405862219361329 0.654754783208952 0.8869730662656089 0.6783388144436836 0.887742871525684 0.6609162860842323 0.874509513944329 0.6542000173981515 0.8751618226120769 0.644561501791802 0.8657693881178335 0.6396046332485458 0.8652329553997601 0.6491797470479465 0.8517419156366114 0.6435413090799923 0.8509510420220501 0.6489174941192044
0 0.9075106602830875 0.6377357208937192 0.9055650787784134 0.6725029663040939 0.917962184750929 0.6787754223415343 0.9201703103653551 0.6440888701400033
0 0.9275869878917063 0.6669408986945098 0.9271928219912186 0.6842222139384846 0.9519635346177842 0.6975524438494336 0.952486191873309 0.679288400597755
0 0.9678413715034533 0.6304214578921002 0.9668807399153879 0.6494189447741618 0.9854338570045258 0.6570473349102081 0.9862133861205176 0.640127698155872