0 0.18354301526017192 0.24051005323654895 0.1835514037579771 0.252967875163277 0.22811802277929202 0.23418566540372812 0.22788006153427673 0.22105874157584662
0 0.2310584160215389 0.21978317059990327 0.2311290486413089 0.23249916198164253 0.24647969660946256 0.22590896654425388 0.24601751917329565 0.21364668124617353
0 0.09626997351079618 0.16584153347763073 0.10192604425090902 0.1669860400409295 0.08773388268080391 0.24631970590933447 0.08209064593697289 0.24370555815590397
0 0.11309201430412141 0.17420680628860832 0.11866832037368476 0.17604569584891208 0.10438703572247389 0.2549831549484377 0.09878836051919576 0.25238371177612035
0 0.12064878224299895 0.20516321721626307 0.12648910043937825 0.20697923298372434 0.12027529221754024 0.24242544267789598 0.11436606442236781 0.2399191285192945
0 0.13744280062732653 0.1972113065187967 0.14319784055740803 0.19980094663703876 0.13049688270518597 0.26950801340343594 0.12486604968913768 0.266839131931418
0 0.15602939115421732 0.1972113065187967 0.16140145957192312 0.1990665345025594 0.156790488618013 0.22575044769570118 0.15084542783146812 0.22385682441680999
0 0.14650082259296315 0.24928512976713216 0.1518060276386442 0.25146304161420896 0.14724880617179273 0.2776404636801236 0.14189636793486868 0.27602050899416963
0 0.40495535455460124 0.2267376737363409 0.43317012696355695 0.23797861730498632 0.41579876563703244 0.34500018161956175 0.38839733724456504 0.33351515865707926
0 0.8222006201222777 0.3578928901950156 0.8213495936540502 0.3679448529540784 0.86774842161495 0.39111789560263077 0.8686834105914921 0.37496636462530264 0.8553537021955433 0.36728873854391236 0.8560705723774124 0.35851758844557885 0.8471229453112018 0.3534015876856471 0.8453127631647569 0.3633085527850047 0.8325062680769021 0.35682836571001325 0.831651459841081 0.3617860773581001
0 0.8884935501394939 0.35232498006233604 0.9009473252602204 0.35812367813671303 0.8988395230761844 0.39056690449575093 0.8863979183083901 0.3848358719959031
0 0.9091352737829906 0.37939966807078895 0.9079332421699798 0.39541224295756633 0.9323815731118281 0.4077600019952948 0.9336352465578456 0.3914646816720923
0 0.9490445728323845 0.3449010998854299 0.9480134200633908 0.3602708518141808 0.9665915694875451 0.3694238290830714 0.9671874890605301 0.3544044881652747
0 0.993413856702175 0.4757469880034002 1.0002253945602282 0.47828928030356455 1.0002253945602282 0.5047537698274249 0.9965207725398015 0.5297453247914465 0.9858750804645948 0.5249459022552045