0 0.804222112291182 0.8273906808346724 0.8246618463083526 0.837290831915503 0.8118417298678714 0.9505339219245206 0.7913081694813935 0.939896716794352
0 0.28460646973277604 0.0002529610587449477 0.2851682614749578 0.01380628072906485 0.2938428170004451 0.011107173391593282 0.29474399449947186 0.023259576741655564 0.30509453798588954 0.01948056965593778 0.30356730208008703 -0.00017720114775027836
0 0.3286450493203587 0.1443085057157017 0.33780824206592314 0.14112787352021308 0.3415905880113575 0.19659054869976092 0.3226687489212159 0.2036195275605218 0.3197543639964788 0.15848202940314757 0.3294239696771415 0.1552859884122024
0 0.3870752016915796 0.6028742585024988 0.38588986413332355 0.6268195266419706 0.39551181138855696 0.6290846195740828 0.3961479791583026 0.605338381709258
0 0.4020525508753419 0.5857807680760375 0.39977146368563926 0.6263559787119861 0.4131266542661677 0.6262648100055349 0.41433400104371 0.606442678716977 0.4195042181054339 0.6075598163875766 0.42117226299545935 0.5891424536181405
0 0.4077846227851769 0.6781513605728762 0.4184297372412097 0.678206575423262 0.4156330541853358 0.7241440468780886 0.40571721330662175 0.7246987635145242
0 0.3917597935320321 0.6830038470754 0.40086977376257804 0.6862307056572583 0.3981388015660083 0.7420708963254915 0.3887609232167612 0.7397210550183683 0.3900159284197328 0.7166990305400011 0.3821349578873787 0.7140076276002578 0.3837098522186106 0.6897413428887745 0.3907842400054415 0.693311047169541
0 0.3865204850551439 0.7662485804630994 0.38488439839624267 0.8035198885399071 0.3972423725295308 0.8073309972828261 0.3986381867167252 0.7700661095374587
0 0.42516574406016033 0.7688783482210165 0.44703603983753315 0.7724095305131417 0.44604821065590766 0.7817164429688952 0.4416658018084771 0.7816650803173734 0.4410852355350657 0.7888507152652758 0.4305613886834505 0.7880520260341116 0.4307910156423372 0.7804644783380509 0.42555147723453424 0.7791714235859891
0 0.41185254478570493 0.7754527676158093 0.4181485351511832 0.7752370444794179 0.41786258459860737 0.7941885788246807 0.4233584675674315 0.7941885788246807 0.4219474893357822 0.8318489589867663 0.415845766686122 0.8328043043050722 0.41507023412686345 0.8514463786749162 0.40845798864722577 0.8527728191504672
0 0.39077331260115056 0.8185152146517021 0.40139515441807466 0.8236014012186503 0.3997242211386292 0.8612823264413445 0.38854976457016865 0.8563142739728965
0 0.40168273978438485 0.88425940859963 0.41856583500572686 0.8983417635806247 0.40268980255893044 0.997371523847267 0.3862635319276322 0.9821874399911295