0 0.29659875334070535 0.832378105783514 0.2935523041226563 0.8683529615071232 0.35746689417381605 0.8785983293823679 0.360364404983869 0.8445080127742068
0 0.9717665522672039 0.7166334990907639 0.9757216591075387 0.7388400205156582 0.9999525951754981 0.732326793793694 0.9949809502718094 0.7106580520949155
0 0.22622916593535763 0.11873928045281357 0.219006121300319 0.1472639441533446 0.27625999458457884 0.16505656790965606 0.2826200536330273 0.13670628354722608
0 0.2960947815598472 0.10932516870335775 0.2946964275531092 0.1270027258216025 0.31596867036168097 0.12656499809534882 0.31712140604824685 0.11062055807210848
0 0.32530510007277563 0.096570565687966 0.32500043451701377 0.1170026045958071 0.34667893660401056 0.11580448805511273 0.34679100812909347 0.09564884632943182
0 0.3005354874284049 0.1411464322717993 0.30151144362600085 0.15456059251157325 0.31221027171694016 0.15354871784898683 0.3139874059003959 0.16576357529406577 0.3349140948399623 0.1640150368970524 0.3343123774850535 0.15210860549215224 0.3439018308961555 0.15187135469201477 0.3433941735712269 0.13895423487852884
0 0.3613482416296639 0.09474847954291006 0.3605184797300231 0.11003692110377022 0.39262230201936443 0.10734886953821242 0.3937583603956501 0.09438904458070173 0.3876704750509742 0.09413399997055394 0.38829220517821916 0.08230704758369979 0.37494168475273165 0.08124772276108588 0.37473355192043506 0.0941482350185622
0 0.37193911734780166 0.1208650476220455 0.37302179279327774 0.1413908005959409 0.39924252710818364 0.13919385818666768 0.39803242147425394 0.11868471276878191
0 0.4248934959384905 0.0774386611648784 0.42512663015401414 0.09197264518130137 0.43822232127842053 0.09167964044313152 0.437766697161566 0.07632358240423218
0 0.4271141634277775 0.1017331430989579 0.42779099724437525 0.1258366381389267 0.4388660654552353 0.12501456411645026 0.43927232473366046 0.13680237012128174 0.450268008947587 0.13655918805114078 0.4491326176637125 0.10070940589636464
0 0.3391415667367943 0.17583131299790036 0.339547126181939 0.1823236811436629 0.34966625096753934 0.18395715290260958 0.3492246357913203 0.16308620001451413 0.3437404690787868 0.16445632338530816 0.3436550812501523 0.1739048365007839