0 0.196875 0.3635 0.39375 0.0609375
0 0.19865625 0.2609375 0.39375 0.059375
0 0.590625 0.26484375 0.3984375 0.0625
0 0.59140625 0.16015625 0.3984375 0.0609375
0 0.196875 0.159375 0.39375 0.0609375
0 0.19865625 0.0578125 0.39375 0.0625
0 0.5931875 0.06015625 0.3953125 0.0640625
0 0.58928125 0.971875 0.396875 0.05625
0 0.58928125 0.8669687500000001 0.3953125 0.0609375
0 0.5875 0.76875 0.3953125 0.0609375
0 0.59084375 0.6671875 0.396875 0.0625
0 0.58828125 0.56796875 0.396875 0.0609375
0 0.5931875 0.46662499999999996 0.396875 0.0640625
0 0.594203125 0.36328125 0.39375 0.0609375
0 0.1953125 0.4640625 0.390625 0.059375
0 0.19375 0.5640625 0.3875 0.059375
0 0.1963125 0.66640625 0.3890625 0.0609375
0 0.1963125 0.76640625 0.3890625 0.0578125
0 0.199109375 0.86875 0.3875 0.059375
0 0.1963125 0.96875 0.3890625 0.059375