0 0.4890625 0.953125 0.2078125 0.0515625
0 0.48828125 0.8515625 0.209375 0.053125
0 0.491625 0.75 0.2078125 0.0515625
0 0.197875 0.646875 0.3921875 0.0546875
0 0.19609375 0.546875 0.3921875 0.0546875
0 0.196875 0.4453125 0.39375 0.053125
0 0.196875 0.34375 0.39375 0.053125
0 0.196875 0.2421875 0.39375 0.05
0 0.1984375 0.140625 0.396875 0.053125
0 0.19609375 0.95234375 0.3921875 0.053125
0 0.1953125 0.85 0.390625 0.0546875
0 0.19609375 0.74921875 0.3921875 0.0546875
0 0.1984375 0.0390625 0.396875 0.053125