0 0.89609375 0.4015625 0.1953125 0.165625
0 0.86328125 0.45390625 0.2140625 0.1734375
0 0.8265625 0.509375 0.228125 0.18125
0 0.78515625 0.5625 0.2328125 0.178125
0 0.74296875 0.6078125 0.2265625 0.171875
0 0.7046875 0.65859375 0.23125 0.1765625
0 0.66640625 0.71796875 0.2203125 0.1796875
0 0.62265625 0.76953125 0.2296875 0.1796875
0 0.58515625 0.8244374999999999 0.2265625 0.1828125
0 0.54296875 0.8734375 0.2296875 0.184375
0 0.49353125000000003 0.9203125 0.234375 0.159375
0 0.4484375 0.94453125 0.228125 0.1109375