0 0.8127187499999999 0.30546875 0.140625 0.1203125
0 0.753125 0.37578125 0.15 0.1203125
0 0.696875 0.44921875 0.14375 0.1171875
0 0.63828125 0.5265625 0.1390625 0.1125
0 0.58359375 0.60234375 0.1453125 0.1171875
0 0.52578125 0.67734375 0.1453125 0.1171875
0 0.47209375 0.74765625 0.134375 0.1078125
0 0.40703125 0.82578125 0.1421875 0.1203125
0 0.15625 0.8625 0.1375 0.121875
0 0.21171875 0.78671875 0.1453125 0.1265625
0 0.27109375 0.715625 0.1390625 0.134375
0 0.32834375 0.640625 0.14375 0.125
0 0.38849999999999996 0.565625 0.1453125 0.121875
0 0.44375 0.49296875 0.146875 0.1265625
0 0.50078125 0.41953125 0.1421875 0.1234375
0 0.55859375 0.34609375 0.1453125 0.1328125
0 0.6171875 0.271875 0.14375 0.128125
0 0.6765625 0.19453125 0.14375 0.1234375
0 0.55625 0.10078125 0.14375 0.1109375
0 0.49765625 0.17421875 0.1390625 0.1078125
0 0.44296875 0.25078125 0.1359375 0.1109375
0 0.38515625 0.32421875 0.1390625 0.1015625
0 0.32578125 0.39765625 0.1328125 0.1171875
0 0.27053125 0.47265625 0.140625 0.1171875
0 0.20703125 0.54765625 0.1328125 0.1140625
0 0.1515625 0.62109375 0.140625 0.1109375
0 0.096875 0.6921875 0.134375 0.1125
0 0.05703125 0.77578125 0.1109375 0.1203125
0 0.04375 0.53125 0.084375 0.1125
0 0.075 0.44296875 0.14375 0.1296875
0 0.13515625 0.3713125 0.1421875 0.1265625
0 0.19140625 0.29553124999999997 0.1359375 0.121875
0 0.253125 0.22443749999999998 0.14375 0.1265625
0 0.309375 0.1484375 0.140625 0.125
0 0.3625 0.07421875 0.140625 0.1234375
0 0.434375 0.03046875 0.115625 0.0578125
0 0.20546875 0.0203125 0.0984375 0.0375
0 0.12265625 0.05859375 0.1421875 0.1140625
0 0.06953125 0.13203125 0.1359375 0.1140625
0 0.04475 0.2171875 0.0828125 0.096875