0 0.640625 0.1703125 0.034375 0.03125
0 0.70703125 0.2203125 0.0984375 0.08125
0 0.8 0.2953125 0.1 0.090625
0 0.903125 0.37834375 0.115625 0.096875
0 0.86953125 0.41015625 0.1109375 0.0984375
0 0.8375 0.453125 0.10625 0.096875
0 0.73359375 0.37265625 0.1140625 0.0984375
0 0.633375 0.29140625 0.0734375 0.0703125
0 0.58515625 0.2453125 0.0421875 0.04375
0 0.61015625 0.20703125 0.0328125 0.0359375
0 0.48125 0.109375 0.2125 0.171875
0 0.4578125 0.1453125 0.2125 0.16875
0 0.4484375 0.27734375 0.09375 0.0765625
0 0.48359375 0.375 0.1359375 0.15625
0 0.5359375 0.42734375 0.178125 0.1984375
0 0.63046875 0.5109375 0.2015625 0.203125
0 0.73125 0.58515625 0.221875 0.2234375
0 0.66328125 0.67734375 0.1140625 0.0921875
0 0.63203125 0.71640625 0.1140625 0.0921875
0 0.59921875 0.75625 0.1078125 0.090625
0 0.5625 0.59375 0.10625 0.09375
0 0.5328125 0.63671875 0.103125 0.0890625
0 0.5 0.675 0.1 0.084375
0 0.4046875 0.6025625 0.09375 0.0828125
0 0.43515625 0.5609375 0.0953125 0.08125
0 0.47265625 0.52265625 0.0984375 0.0828125
0 0.41193749999999996 0.47421875 0.0390625 0.0421875
0 0.37734375 0.515625 0.0390625 0.034375
0 0.346875 0.55546875 0.034375 0.0421875
0 0.259375 0.66796875 0.1125 0.1328125
0 0.2828125 0.69921875 0.1125 0.1234375
0 0.33125 0.734375 0.128125 0.134375
0 0.375 0.7703125 0.121875 0.125
0 0.4265625 0.8109375 0.13125 0.1375
0 0.50546875 0.8765625 0.1828125 0.16875
0 0.0681875 0.6015625 0.1296875 0.10625
0 0.11015625 0.60234375 0.1953125 0.1546875
0 0.125 0.5703125 0.203125 0.15
0 0.14609375 0.55 0.2078125 0.15
0 0.1578125 0.5125 0.190625 0.134375
0 0.17890625 0.4890625 0.1828125 0.134375
0 0.2078125 0.459375 0.1875 0.1375
0 0.23359375 0.44475 0.1984375 0.1421875
0 0.25234375 0.41328125 0.1921875 0.1484375
0 0.27265625 0.3890625 0.1984375 0.14375
0 0.2921875 0.36640625 0.190625 0.1390625
0 0.36328125 0.3796875 0.0890625 0.06875
0 0.33203125 0.31171875 0.1953125 0.1421875
0 0.353125 0.28828125 0.190625 0.1390625
0 0.37734375 0.26015625 0.1890625 0.1390625
0 0.44453125 0.27265625 0.0890625 0.0578125
0 0.215625 0.0203125 0.0625 0.0375
0 0.18359375 0.03125 0.0828125 0.059375
0 0.206203125 0.0853125 0.184375 0.1515625
0 0.17578125 0.1495625 0.1828125 0.15
0 0.170484375 0.10046875 0.1828125 0.1484375
0 0.12578125 0.1453125 0.1640625 0.140625
0 0.1125 0.18515625 0.178125 0.1515625
0 0.090625 0.20703125 0.178125 0.1515625
0 0.08359375 0.23125 0.1640625 0.15625
0 0.0640625 0.26115625 0.125 0.11875
0 0.0640625 0.31015625 0.125 0.1015625
0 0.0421875 0.37421875 0.08125 0.0765625
0 0.0234375 0.396875 0.04375 0.04375
0 0.02109375 0.44453125 0.0390625 0.0453125
0 0.01015625 0.4828125 0.0171875 0.021875