0 0.57421875 0.3125 0.2265625 0.215625
0 0.36640625 0.30078125 0.0671875 0.0578125
0 0.49453125 0.40390625 0.0640625 0.0515625
0 0.46171875 0.4484375 0.0640625 0.05625
0 0.428125 0.48984375 0.0625 0.0609375
0 0.39609375 0.53203125 0.0609375 0.0609375
0 0.36171875 0.57890625 0.0703125 0.0609375
0 0.196875 0.5140625 0.0625 0.053125
0 0.22890625 0.46875 0.0671875 0.053125
0 0.2640625 0.42890625 0.065625 0.0484375
0 0.30256249999999996 0.39140625 0.0671875 0.0578125
0 0.33203125 0.3421875 0.0703125 0.05625