0 0.68828125 0.06640625 0.0796875 0.0390625
0 0.63203125 0.121875 0.1140625 0.034375
0 0.57578125 0.184375 0.0828125 0.0375
0 0.56953125 0.24140625 0.1515625 0.0328125
0 0.5224375 0.30078125 0.1515625 0.0359375
0 0.4671875 0.36015625 0.153125 0.0359375
0 0.41484375 0.4171875 0.1859375 0.034375
0 0.35234375 0.47734375 0.2546875 0.0359375
0 0.38359375 0.5359375 0.1265625 0.03125
0 0.22578125 0.53671875 0.1484375 0.0390625
0 0.24609375 0.59453125 0.3203125 0.0359375
0 0.23615624999999998 0.653125 0.315625 0.0375
0 0.2703125 0.71171875 0.2125 0.0359375
0 0.31584375 0.77265625 0.146875 0.0421875
0 0.36640625 0.828125 0.0859375 0.034375
0 0.03125 0.83046875 0.059375 0.0328125
0 0.071875 0.8859375 0.140625 0.034375
0 0.01953125 0.94609375 0.0359375 0.0296875
0 0.14709375 0.9453125 0.15625 0.0375
0 0.6078125 0.5328125 0.153125 0.040625
0 0.77578125 0.5296875 0.1234375 0.04375
0 0.66484375 0.571875 0.3203125 0.040625
0 0.64375 0.61328125 0.315625 0.0421875
0 0.56640625 0.6578125 0.1859375 0.04375
0 0.740625 0.65546875 0.14375 0.0421875
0 0.63671875 0.69765625 0.3390625 0.0359375
0 0.6328125 0.73828125 0.346875 0.0390625
0 0.5453125 0.78046875 0.153125 0.0453125
0 0.72109375 0.77734375 0.1765625 0.0421875
0 0.646875 0.81953125 0.31875 0.0390625
0 0.6640625 0.86171875 0.3 0.0390625
0 0.6877187499999999 0.90546875 0.271875 0.0390625