0 0.7859375 0.08125 0.090625 0.04375
0 0.796875 0.153125 0.253125 0.046875
0 0.80390625 0.22265625 0.3921875 0.0390625
0 0.56640625 0.290625 0.6578125 0.04375
0 0.96953125 0.28828125 0.0609375 0.0453125
0 0.384375 0.38671875 0.36875 0.0453125
0 0.80625 0.365625 0.3875 0.04375
0 0.80546875 0.43515625 0.3890625 0.0421875
0 0.8046875 0.51015625 0.390625 0.0421875
0 0.8046875 0.5796875 0.390625 0.040625
0 0.7765625 0.64921875 0.33125 0.0421875
0 0.4375 0.876 0.090625 0.0421875
0 0.4390625 0.80390625 0.253125 0.0453125
0 0.37734375 0.73359375 0.3796875 0.0421875
0 0.3203125 0.6625 0.490625 0.04375
0 0.21796875 0.59553125 0.2109375 0.046875
0 0.45703125 0.59140625 0.2203125 0.0421875
0 0.365515625 0.52421875 0.4140625 0.0421875
0 0.36015625 0.45546875 0.4109375 0.0453125