0 0.29140625 0.065625 0.0921875 0.084375
0 0.41662499999999997 0.0640625 0.1578125 0.08125
0 0.64396875 0.06015625 0.30625 0.0796875
0 0.2125 0.2 0.159375 0.078125
0 0.3640625 0.19765625 0.15 0.0734375
0 0.53359375 0.19765625 0.1609375 0.0765625
0 0.68928125 0.1953125 0.153125 0.075
0 0.83671875 0.1921875 0.1515625 0.078125
0 0.14765625 0.32890625 0.1609375 0.0765625
0 0.26818749999999997 0.328125 0.0828125 0.071875
0 0.38515625 0.32890625 0.1578125 0.0734375
0 0.5390625 0.3265625 0.15 0.071875
0 0.5328125 0.453125 0.153125 0.078125
0 0.37890625 0.4578125 0.1546875 0.078125
0 0.2265625 0.4609375 0.159375 0.08125
0 0.23046875 0.59140625 0.1578125 0.0734375
0 0.384375 0.590625 0.153125 0.075
0 0.32265625 0.71640625 0.0890625 0.0765625
0 0.4140625 0.7140625 0.0875 0.075
0 0.5359375 0.7140625 0.15625 0.075
0 0.5392812499999999 0.58984375 0.153125 0.0734375
0 0.690625 0.7140625 0.153125 0.075
0 0.6900625 0.5859375 0.1515625 0.071875
0 0.840625 0.5859375 0.153125 0.075
0 0.840625 0.7140625 0.146875 0.075
0 0.95625 0.7125 0.084375 0.071875
0 0.95703125 0.584375 0.0796875 0.071875
0 0.9588125 0.45390625 0.0796875 0.0703125
0 0.83828125 0.45390625 0.1546875 0.0703125
0 0.6875 0.4546875 0.153125 0.071875
0 0.690625 0.325 0.15625 0.071875
0 0.84296875 0.32421875 0.1484375 0.0703125
0 0.959375 0.3265625 0.078125 0.075
0 0.5203125 0.846875 0.15625 0.075
0 0.67421875 0.84375 0.1546875 0.075
0 0.8265625 0.84375 0.153125 0.078125
0 0.9515625 0.8411875 0.096875 0.0734375