0 0.62265625 0.54609375 0.1890625 0.0609375
0 0.61640625 0.5765625 0.1828125 0.0625
0 0.6078125 0.60625 0.18125 0.0625
0 0.6015625 0.63828125 0.18125 0.0671875
0 0.5921875 0.66875 0.18125 0.0625
0 0.5869375 0.70078125 0.1828125 0.0609375
0 0.57734375 0.73225 0.1828125 0.0609375
0 0.571875 0.76015625 0.184375 0.0609375
0 0.5640625 0.7890625 0.18125 0.0625
0 0.55725 0.82109375 0.1828125 0.0640625
0 0.54921875 0.854125 0.1828125 0.0609375
0 0.5421875 0.8838125 0.184375 0.0609375
0 0.5359375 0.91484375 0.18125 0.0609375
0 0.52578125 0.94375 0.1796875 0.059375
0 0.51796875 0.971875 0.1796875 0.05625
0 0.4640625 0.98671875 0.08125 0.0265625
0 0.72734375 0.9859375 0.0921875 0.028125
0 0.78671875 0.96953125 0.1859375 0.0578125
0 0.7921875 0.94296875 0.18125 0.0640625
0 0.796875 0.9125 0.178125 0.0625
0 0.8078125 0.88125 0.178125 0.0625
0 0.81484375 0.84921875 0.1859375 0.0609375
0 0.826234375 0.81953125 0.1828125 0.0640625
0 0.8296875 0.7921875 0.18125 0.065625
0 0.83671875 0.759375 0.1828125 0.0625
0 0.84375 0.72890625 0.18125 0.0609375
0 0.85234375 0.69765625 0.1828125 0.0578125
0 0.86115625 0.665625 0.184375 0.0625
0 0.86640625 0.6359375 0.1796875 0.059375
0 0.8734375 0.60625 0.18125 0.059375