0 0.29921875 0.23359375 0.0671875 0.0984375
0 0.421875 0.23359375 0.065625 0.1015625
0 0.5421875 0.2328125 0.0625 0.103125
0 0.6625 0.23046875 0.06875 0.0953125
0 0.784375 0.2328125 0.0625 0.1
0 0.78515625 0.33359375 0.0578125 0.0953125
0 0.7859375 0.4328125 0.059375 0.090625
0 0.789515625 0.541515625 0.05625 0.09375
0 0.7892812499999999 0.634375 0.053125 0.0875
0 0.78671875 0.73359375 0.0515625 0.0953125
0 0.66484375 0.73671875 0.0578125 0.1046875
0 0.6671875 0.6234375 0.059375 0.0875
0 0.665625 0.53515625 0.05625 0.0953125
0 0.6640625 0.4328125 0.0625 0.096875
0 0.66328125 0.3328125 0.0640625 0.096875
0 0.3 0.3375 0.059375 0.1
0 0.29921875 0.43671875 0.0578125 0.0953125
0 0.2984375 0.540625 0.05625 0.096875
0 0.421875 0.33515625 0.0625 0.0921875
0 0.5421875 0.334375 0.0625 0.09375
0 0.545765625 0.43359375 0.05625 0.0921875
0 0.421875 0.43359375 0.059375 0.0921875
0 0.42265625 0.53515625 0.0609375 0.0890625
0 0.54453125 0.53359375 0.0578125 0.0984375
0 0.54375 0.6875 0.053125 0.209375
0 0.425 0.63671875 0.05625 0.0921875
0 0.41953125 0.73515625 0.0578125 0.0890625
0 0.29921875 0.63671875 0.0546875 0.0953125
0 0.3015625 0.73828125 0.053125 0.0921875