0 0.40234375 0.60234375 0.1265625 0.0578125
0 0.2765625 0.60078125 0.128125 0.0578125
0 0.15078125 0.60234375 0.1296875 0.0578125
0 0.1494375 0.49353125000000003 0.1265625 0.059375
0 0.27578125 0.4953125 0.1265625 0.059375
0 0.4015625 0.49375 0.125 0.05625
0 0.528125 0.49453125 0.128125 0.0578125
0 0.6546875 0.49375 0.125 0.059375
0 0.8609375 0.38046875 0.0625 0.0640625
0 0.76796875 0.38125 0.1265625 0.059375
0 0.640625 0.38359375 0.13125 0.0609375
0 0.82890625 0.27421875 0.0640625 0.0609375
0 0.51328125 0.384375 0.1265625 0.065625
0 0.39084375 0.3859375 0.128125 0.0625
0 0.26328125 0.38828125 0.1265625 0.0640625
0 0.13828125 0.38984375 0.1328125 0.0640625
0 0.103125 0.28046875 0.13125 0.0609375
0 0.23125 0.278125 0.128125 0.059375
0 0.35703125 0.27734375 0.1265625 0.0578125
0 0.48359375 0.278125 0.1296875 0.059375
0 0.671875 0.27734375 0.25 0.0609375
0 0.6421875 0.17109375 0.128125 0.0578125
0 0.515625 0.1703125 0.128125 0.059375
0 0.37578125 0.175 0.1328125 0.0625
0 0.25201562499999997 0.1734375 0.125 0.0625
0 0.121875 0.1765625 0.13125 0.065625
0 0.09765625 0.0671875 0.1328125 0.0625
0 0.225 0.06640625 0.125 0.0609375
0 0.35334374999999996 0.065625 0.128125 0.0625
0 0.46740624999999997 0.064625 0.125 0.0609375
0 0.6015625 0.06484375 0.125 0.0609375
0 0.728125 0.06015625 0.13125 0.0578125