0 0.1015625 0.18828125 0.071875 0.0734375
0 0.09921875 0.29296875 0.0671875 0.0859375
0 0.0984375 0.39375 0.071875 0.078125
0 0.096875 0.49140625 0.06875 0.0765625
0 0.09453125 0.59609375 0.0671875 0.0796875
0 0.096875 0.69609375 0.071875 0.0828125
0 0.0953125 0.84375 0.071875 0.090625
0 0.09765625 0.94375 0.0734375 0.0875
0 0.28515625 0.6984375 0.0703125 0.078125
0 0.2890625 0.84296875 0.078125 0.0859375
0 0.28515625 0.59375 0.0703125 0.075
0 0.28828125 0.49375 0.0765625 0.075
0 0.28671875 0.39140625 0.0734375 0.0765625
0 0.2890625 0.290625 0.071875 0.075
0 0.47265625 0.69296875 0.0765625 0.0828125
0 0.62421875 0.7046875 0.0703125 0.084375
0 0.7814687499999999 0.73046875 0.075 0.0859375
0 0.92421875 0.753125 0.0734375 0.08125
0 0.9234375 0.63828125 0.075 0.0796875
0 0.92578125 0.52578125 0.0703125 0.0765625
0 0.77890625 0.503125 0.0703125 0.08125
0 0.78125 0.61953125 0.06875 0.0734375
0 0.62109375 0.59453125 0.0703125 0.0796875
0 0.475 0.5953125 0.075 0.075
0 0.478796875 0.494203125 0.071875 0.075
0 0.6203125 0.4796875 0.065625 0.075
0 0.4765625 0.39375 0.071875 0.08125
0 0.621875 0.3640625 0.071875 0.08125
0 0.77890625 0.3900625 0.0734375 0.0796875
0 0.925 0.4078125 0.071875 0.075
0 0.9265625 0.29375 0.06875 0.084375
0 0.928125 0.18046875 0.071875 0.0796875
0 0.93125 0.065625 0.075 0.08125
0 0.78125 0.04609375 0.071875 0.0796875
0 0.78046875 0.16015625 0.0734375 0.0734375
0 0.778125 0.275 0.075 0.078125
0 0.62109375 0.25078125 0.0734375 0.0734375
0 0.475 0.290625 0.075 0.08125
0 0.47421875 0.19084375 0.0796875 0.071875
0 0.47209375 0.090625 0.075 0.078125
0 0.2875 0.19140625 0.075 0.0828125