0 0.52421875 0.11953125 0.3015625 0.0609375
0 0.48125 0.2359375 0.446875 0.0625
0 0.415625 0.3140625 0.44375 0.059375
0 0.35 0.40234375 0.44375 0.0609375
0 0.309375 0.4875 0.390625 0.059375
0 0.2890625 0.57265625 0.296875 0.0578125
0 0.33125 0.66015625 0.078125 0.0578125
0 0.79453125 0.27890625 0.1671875 0.0203125
0 0.7953125 0.309375 0.16875 0.01875
0 0.7953125 0.33828125 0.16875 0.0203125
0 0.70078125 0.36484375 0.1015625 0.0203125
0 0.70078125 0.3921875 0.1015625 0.01875
0 0.68671875 0.4234375 0.1390625 0.01875
0 0.67265625 0.45234375 0.1671875 0.0203125
0 0.67265625 0.48046875 0.1703125 0.0203125
0 0.63828125 0.5078125 0.1640625 0.01875
0 0.64296875 0.53771875 0.1703125 0.015625
0 0.615625 0.5640625 0.225 0.01875
0 0.61328125 0.59375 0.2328125 0.021875
0 0.61171875 0.6234375 0.2328125 0.01875
0 0.5796875 0.65078125 0.29375 0.0203125
0 0.58046875 0.678125 0.2921875 0.01875
0 0.5796875 0.70703125 0.290625 0.0171875
0 0.55078125 0.73515625 0.3546875 0.0171875
0 0.54821875 0.76484375 0.359375 0.0171875
0 0.55 0.79296875 0.35625 0.0234375
0 0.54921875 0.82365625 0.3578125 0.01875