0 0.54375 0.140625 0.16875 0.09375
0 0.38203125 0.22109375 0.1734375 0.0921875
0 0.53125 0.2515625 0.146875 0.096875
0 0.675 0.27521874999999996 0.15625 0.10625
0 0.83303125 0.4328125 0.15 0.096875
0 0.690625 0.4046875 0.165625 0.10625
0 0.55178125 0.378125 0.15625 0.109375
0 0.38125 0.340625 0.203125 0.115625
0 0.51640625 0.48984375 0.2046875 0.1203125
0 0.71796875 0.53125 0.2015625 0.11875
0 0.5140625 0.61015625 0.153125 0.1046875
0 0.66115625 0.634375 0.146875 0.103125
0 0.57109375 0.7384999999999999 0.1671875 0.0953125