0 0.578125 0.1703125 0.109375 0.0375
0 0.53984375 0.24140625 0.1109375 0.0328125
0 0.49509375 0.3125 0.1125 0.040625
0 0.48203125 0.38046875 0.1640625 0.0296875
0 0.44296875 0.45390625 0.1703125 0.0390625
0 0.3953125 0.52421875 0.153125 0.0359375
0 0.353125 0.59553125 0.153125 0.0375
0 0.3109375 0.6671875 0.159375 0.0375
0 0.271875 0.73671875 0.1625 0.0359375
0 0.7359375 0.8921875 0.0875 0.025
0 0.65625 0.890625 0.075 0.021875
0 0.54453125 0.84140625 0.0859375 0.0265625
0 0.62265625 0.8421875 0.0859375 0.025
0 0.70390625 0.84296875 0.0796875 0.0265625
0 0.78515625 0.8421875 0.0828125 0.025
0 0.92265625 0.73359375 0.0484375 0.0234375
0 0.85859375 0.734375 0.0828125 0.021875
0 0.84921875 0.78515625 0.0390625 0.0203125
0 0.78125 0.734375 0.08125 0.021875
0 0.78984375 0.78615625 0.0828125 0.025
0 0.7109375 0.7828125 0.084375 0.021875
0 0.7 0.7328125 0.084375 0.021875
0 0.4609375 0.72890625 0.0875 0.0265625
0 0.54296875 0.73203125 0.0796875 0.0296875
0 0.621875 0.73203125 0.078125 0.0296875
0 0.39375 0.7828125 0.084375 0.021875
0 0.47421875 0.78203125 0.0765625 0.0234375
0 0.553125 0.7828125 0.08125 0.021875
0 0.63125 0.7828125 0.08125 0.01875