0 0.44375 0.08828125 0.0875 0.0609375
0 0.3546875 0.153125 0.24375 0.084375
0 0.33203125 0.22734375 0.2484375 0.0859375
0 0.3140625 0.303125 0.253125 0.084375
0 0.57578125 0.49140625 0.2703125 0.0515625
0 0.5484375 0.56796875 0.25 0.0515625
0 0.5213125 0.6463125 0.2171875 0.0515625
0 0.4859375 0.72109375 0.178125 0.0515625
0 0.46953125 0.7984375 0.1734375 0.05
0 0.44921875 0.875 0.1453125 0.05
0 0.51015625 0.95234375 0.2359375 0.0484375
0 0.1703125 0.8875 0.303125 0.090625
0 0.16640625 0.95390625 0.2921875 0.0828125
0 0.18359375 0.81328125 0.3046875 0.0859375
0 0.19140625 0.740625 0.3078125 0.090625
0 0.190625 0.66584375 0.3125 0.08125
0 0.19709375 0.59296875 0.325 0.0890625
0 0.2171875 0.5161875 0.325 0.0921875
0 0.228125 0.4421875 0.340625 0.09375
0 0.24453125 0.3703125 0.3453125 0.096875