0 0.0859375 0.075 0.075 0.096875
0 0.08671875 0.18359375 0.0796875 0.0984375
0 0.08203125 0.29140625 0.0765625 0.0921875
0 0.08359375 0.40390625 0.0796875 0.1015625
0 0.08303125 0.51015625 0.08125 0.0984375
0 0.28359375 0.5078125 0.0765625 0.09375
0 0.2796875 0.61640625 0.071875 0.0953125
0 0.286390625 0.7203125 0.078125 0.09375
0 0.48125 0.7234375 0.071875 0.09375
0 0.48795312500000004 0.8296875 0.071875 0.09375
0 0.486390625 0.9390625 0.078125 0.084375
0 0.678125 0.93571875 0.071875 0.09375
0 0.8828125 0.93828125 0.078125 0.0921875
0 0.8828125 0.83203125 0.075 0.0890625
0 0.88046875 0.72421875 0.0734375 0.0890625
0 0.88359375 0.61640625 0.0796875 0.0953125
0 0.88125 0.50390625 0.06875 0.0796875
0 0.88359375 0.39921875 0.0765625 0.0921875
0 0.884375 0.2890625 0.071875 0.09375
0 0.8828125 0.18046875 0.075 0.0890625
0 0.88203125 0.0734375 0.0703125 0.090625
0 0.68459375 0.075 0.08125 0.09375
0 0.68671875 0.18203125 0.0828125 0.0984375
0 0.68515625 0.2890625 0.0671875 0.096875
0 0.684375 0.396875 0.06875 0.0875
0 0.6828125 0.50625 0.071875 0.09375
0 0.4885 0.6140625 0.0828125 0.109375
0 0.48671875 0.5046875 0.0796875 0.10625
0 0.48359375 0.3984375 0.0796875 0.096875
0 0.48203125 0.2921875 0.0828125 0.096875
0 0.48125 0.1828125 0.08125 0.096875
0 0.4859375 0.0765625 0.08125 0.09375
0 0.28515625 0.0765625 0.0765625 0.1
0 0.284375 0.184375 0.075 0.09375
0 0.28515625 0.29375 0.0734375 0.0875
0 0.284375 0.40234375 0.071875 0.1015625