0 0.86875 0.1625 0.065625 0.028125
0 0.86171875 0.196875 0.1265625 0.028125
0 0.85625 0.2296875 0.175 0.01875
0 0.821875 0.2671875 0.171875 0.021875
0 0.790625 0.30390625 0.175 0.0296875
0 0.75859375 0.3375 0.1734375 0.028125
0 0.721875 0.375 0.175 0.03125
0 0.6890625 0.41193749999999996 0.175 0.0328125
0 0.65703125 0.446875 0.1796875 0.025
0 0.62265625 0.4796875 0.1765625 0.025
0 0.5890625 0.51640625 0.175 0.0203125
0 0.55859375 0.55390625 0.1765625 0.0265625
0 0.52109375 0.5859375 0.1796875 0.021875
0 0.49140625 0.625 0.1734375 0.028125
0 0.45625 0.659375 0.175 0.028125
0 0.42421875 0.69275 0.1765625 0.0296875
0 0.390625 0.7296875 0.175 0.028125
0 0.36640625 0.76484375 0.1328125 0.0234375
0 0.375 0.8 0.078125 0.025