0 0.140625 0.415625 0.21875 0.090625
0 0.27990624999999997 0.54240625 0.4125 0.10625
0 0.4375 0.6734375 0.459375 0.096875
0 0.51875 0.80625 0.221875 0.096875
0 0.7203125 0.8078125 0.19375 0.090625
0 0.709375 0.93984375 0.25625 0.1046875
0 0.84296875 0.5765625 0.1984375 0.10625
0 0.68671875 0.44375 0.2453125 0.09375
0 0.46796875 0.30625 0.2453125 0.090625
0 0.63046875 0.175 0.2515625 0.096875
0 0.33359375 0.1734375 0.3515625 0.096875
0 0.253125 0.04609375 0.25 0.0890625
0 0.54921875 0.04453125 0.3140625 0.0859375