0 0.68671875 0.06328125 0.2984375 0.0578125
0 0.703125 0.15546875 0.340625 0.0578125
0 0.2546875 0.06796875 0.471875 0.0578125
0 0.24765625 0.1609375 0.4765625 0.05625
0 0.33671875 0.2484375 0.2484375 0.05
0 0.38046875 0.334375 0.1390625 0.040625
0 0.71953125 0.24765625 0.3796875 0.0609375
0 0.725 0.340625 0.378125 0.053125
0 0.7265625 0.4328125 0.440625 0.059375
0 0.73203125 0.52421875 0.4765625 0.0640625
0 0.7859375 0.61975 0.38125 0.0515625
0 0.80859375 0.7078125 0.3171875 0.05625
0 0.8046875 0.8 0.28125 0.05
0 0.8265625 0.88984375 0.203125 0.0515625