0 0.865625 0.316078125 0.140625 0.06875
0 0.92890625 0.43671875 0.1109375 0.0546875
0 0.803125 0.43671875 0.14375 0.0609375
0 0.0921875 0.4375 0.15 0.0625
0 0.44921875 0.4375 0.5671875 0.05625
0 0.2375 0.56015625 0.428125 0.0609375
0 0.65859375 0.55859375 0.3890625 0.0609375
0 0.38671875 0.68203125 0.6234375 0.0640625
0 0.1171875 0.8078125 0.084375 0.0625
0 0.34765625 0.803125 0.3796875 0.059375
0 0.21171875 0.92578125 0.3234375 0.0609375
0 0.39865625 0.31048437500000003 0.765625 0.059375
0 0.8530156249999999 0.18828125 0.1078125 0.0609375
0 0.403125 0.190625 0.784375 0.0625
0 0.403125 0.065625 0.8 0.0625