0 0.46889531250000005 0.7835687499999999 0.48941093750000003 0.767084375 0.49490468749999994 0.7744109375 0.47329218749999996 0.7905296875000001
0 0.4568078125 0.7996875 0.46633125 0.7927265625000001 0.47585625 0.8051828125 0.4670640625 0.8132421875
0 0.528240625 0.8004203125 0.4850140625 0.8344890625 0.4670640625 0.8139734375 0.512121875 0.7795390624999999
0 0.5036968749999999 0.768915625 0.467796875 0.7938265624999999 0.4769546875 0.8059156249999999 0.5124890625 0.7802718750000001
0 0.39306718749999997 0.8791796875 0.4066203125 0.899328125 0.43885781250000006 0.8758828125000001 0.4223734375 0.8557359375000001
0 0.3575328125 0.9077531249999999 0.3736515625 0.9300984375000001 0.40405625 0.9048234374999999 0.38720625000000003 0.8835765625
0 0.3996609375 0.8561015624999999 0.41944218749999995 0.8399828125000001 0.41467968749999995 0.8344890625 0.3952640625 0.8495078125
0 0.41944218749999995 0.841815625 0.4286 0.8513390624999999 0.39196718750000004 0.8810109374999999 0.38244375 0.86965625
0 0.3425140625 0.9000609374999999 0.36449375 0.8828437499999999 0.35936406249999997 0.8777140625 0.3377515625 0.894565625
0 0.3505734375 0.9114171875 0.3879375 0.8835765625 0.37951250000000003 0.8725859375 0.34214687499999996 0.89969375
0 0.249671875 0.9784 0.2641640625 0.9984375 0.28900625 0.9796421875 0.27534375 0.958940625
0 0.23890625000000001 0.97343125 0.2591953125 0.9576984375 0.264578125 0.9651500000000001 0.2442890625 0.9812984374999999