0 0.7355765625 0.8070906250000001 0.7409859375 0.888821875 0.8335343749999999 0.8828125 0.834134375 0.9188703125 0.8858171875 0.9170671875 0.876803125 0.7974765625
0 0.271634375 0.46754843749999997 0.298678125 0.466346875 0.2998796875 0.4921875 0.30889375 0.4927890625 0.3094953125 0.5078125 0.275840625 0.509615625
0 0.30588906250000003 0.3936296875 0.31370156250000003 0.506009375 0.377403125 0.5012015625 0.3677890625 0.381009375 0.31670625 0.3858171875 0.31670625 0.393028125
0 0.368990625 0.380409375 0.454928125 0.3743984375 0.4639421875 0.493990625 0.3780046875 0.5006015625
0 0.3677890625 0.372596875 0.37860625 0.3665859375 0.416465625 0.36358125 0.41526406250000003 0.3545671875 0.455528125 0.34254843749999997 0.455528125 0.372596875 0.3677890625 0.380409375
0 0.6646640625 0.1334140625 0.6772843749999999 0.1328125 0.6802890625 0.197115625 0.66766875 0.19891875
0 0.6887015625 0.140625 0.69110625 0.1959140625 0.7037265625 0.1959140625 0.69951875 0.1394234375
0 0.71454375 0.1640625 0.7241593749999999 0.1628609375 0.7259609375 0.1947109375 0.71454375 0.1947109375
0 0.73076875 0.1796875 0.7313703125 0.1947109375 0.7421875 0.1947109375 0.7415859375 0.1766828125
0 0.64483125 0.2097359375 0.7289656250000001 0.203125 0.734375 0.29026406250000003 0.65264375 0.296875
0 0.64483125 0.24158593750000001 0.6328125 0.2433890625 0.6334140625 0.268028125 0.6177890625 0.2686296875 0.6201921875 0.30348593749999997 0.6496390625 0.2998796875
0 0.55889375 0.314903125 0.599759375 0.79266875 0.8034859375 0.7764421875 0.7686296875 0.39483125 0.7433890625 0.3978359375 0.7367781250000001 0.299278125
0 0.7992781250000001 0.5865390625 0.8125 0.7746390625 0.8467546875 0.7728359375 0.84014375 0.6808890625 0.8191109375 0.68389375 0.8100968749999999 0.5871390625
0 0.546875 0.33233125 0.5360578125 0.3329328125 0.5378609375 0.341946875 0.474759375 0.346153125 0.5150234375 0.8016828125 0.58954375 0.7944718749999999
0 0.4639421875 0.3467546875 0.4759609375 0.4771640625 0.48557656250000003 0.4771640625 0.4717546875 0.346153125
0 0.8353359375 0.025840625 0.810696875 0.057692187500000006 0.859375 0.0925484375 0.8822109375 0.05829375
0 0.8215140625 0.087740625 0.7878609375 0.1394234375 0.826321875 0.1688703125 0.86298125 0.11658593749999999
0 0.75 0.015625 0.7427890625 0.02764375 0.7626203125 0.0420671875 0.7704328125 0.029446875