0 0.0806625 0.3807671875 0.0648109375 0.3448390625 0.0313484375 0.3592796875 0.0472 0.396265625
0 0.09334218749999999 0.348009375 0.0708 0.357871875 0.080309375 0.3804140625 0.10496562499999999 0.3694953125
0 0.0845359375 0.48045 0.1134203125 0.46318906249999997 0.09334218749999999 0.429375 0.06305 0.44592968749999995
0 0.0912296875 0.492425 0.097921875 0.5047531249999999 0.1278609375 0.486084375 0.12116875 0.475165625
0 0.085240625 0.48115312499999996 0.0894671875 0.48749374999999995 0.1003875 0.48080156250000006 0.0961609375 0.47481406249999997
0 0.1134203125 0.480096875 0.1204640625 0.47622187499999996 0.1134203125 0.4649515625 0.106375 0.469178125
0 0.12500625 0.6278640625 0.11084687499999998 0.6788375 0.12662500000000002 0.684096875 0.14037968750000002 0.631909375
0 0.0687734375 0.6679140625 0.0833375 0.6128953125 0.10922812500000001 0.6189640625 0.09547343750000001 0.6756015625
0 0.0582546875 0.6569921875 0.07039218750000001 0.609659375 0.0833375 0.6133 0.07160625000000001 0.6606328125
0 0.1723390625 0.7184828125 0.19013906249999998 0.6606328125 0.22735781249999998 0.6731734375 0.2095578125 0.731834375
0 0.2520359375 0.6788375 0.2318078125 0.7431609375 0.22048125000000002 0.7387109374999999 0.2407078125 0.6751968749999999
0 0.259721875 0.699065625 0.247990625 0.6954234375 0.2318078125 0.74275625 0.24434843750000002 0.7468015625
0 0.1715296875 0.8398484375 0.156965625 0.8977 0.180025 0.90498125 0.1966125 0.8463218749999999
0 0.22250312499999997 0.855221875 0.197825 0.847940625 0.180834375 0.9066000000000001 0.2042984375 0.9130734374999999