0 0.4186203125 0.75390625 0.421875 0.8092453125000001 0.46484375 0.8072921875000001 0.4602859375 0.751953125
0 0.6725265625 0.7545578125 0.66796875 0.7942703125 0.72265625 0.7975265625 0.72265625 0.755859375
0 0.11588593750000001 0.6087234375 0.125 0.6516921875 0.1419265625 0.6484375 0.146484375 0.6770828125 0.193359375 0.66796875 0.1770828125 0.5970046875
0 0.576171875 0.4661453125 0.5703125 0.53515625 0.6126296875 0.5390625 0.619140625 0.4694015625
0 0.462890625 0.3919265625 0.462890625 0.431640625 0.4765625 0.4322921875 0.4759109375 0.4466140625 0.5091140625 0.4485671875 0.509765625 0.39453125
0 0.451171875 0.2669265625 0.4479171875 0.3177078125 0.4895828125 0.3203125 0.4908859375 0.267578125
0 0.4915359375 0.3046875 0.4908859375 0.3203125 0.5182296875 0.3216140625 0.5182296875 0.3053390625
0 0.6100265625 0.189453125 0.6067703125 0.2434890625 0.6477859375 0.2454421875 0.6510421875 0.19140625
0 0.73828125 0.197265625 0.7356765625 0.25 0.7845046875 0.2532546875 0.7864578125 0.2005203125
0 0.7858078125 0.421875 0.7825515625 0.4772140625 0.83203125 0.484375 0.8359375 0.4283859375
0 0.9341515625 0.27734375 0.9330359375 0.2935265625 0.9603796875 0.2952015625 0.9603796875 0.2779015625
0 0.9313609375 0.309709375 0.9296875 0.3415171875 0.9972093750000001 0.3454234375 0.9983265625 0.3130578125
0 0.8984375 0.69921875 0.9040171875 0.8303578125 0.9709828125 0.8264515625 0.9670765625 0.7689734374999999 0.9984375 0.76171875 0.9984375 0.6930796875
0 0.434375 0.0083328125 0.42604218749999995 0.0739578125 0.45 0.0765625 0.4546875 0.036979687500000004 0.4973953125 0.04375 0.5 0.0166671875
0 0.5182296875 0.0041671875 0.515625 0.0364578125 0.5317703125000001 0.038542187500000005 0.5291671874999999 0.055207812499999995 0.5541671874999999 0.0572921875 0.5604171874999999 0.0098953125
0 0.6635421874999999 0.0005203125 0.6052078125 0.0135421875 0.6182296875 0.0614578125 0.6744796875 0.047395312499999995