0 0.6867890625 0.071553125 0.7237390625 0.0592359375 0.7419203125 0.1073296875 0.7055578125 0.1202328125
0 0.7407468749999999 0.05454375 0.7653796875000001 0.0463328125 0.782975 0.09149375 0.7571687500000001 0.1014640625
0 0.7342953125 0.0733125 0.741334375 0.0703796875 0.737228125 0.056303124999999996 0.7290171875 0.0592359375
0 0.7454390625 0.1049828125 0.741334375 0.0938390625 0.7471984375 0.0891484375 0.7530640625 0.1026375
0 0.7454390625 0.2428109375 0.7741781249999999 0.2328390625 0.762446875 0.202928125 0.7348828125 0.2123125
0 0.7900125 0.2275609375 0.8275484375 0.2146578125 0.8164046875000001 0.1829875 0.7782828125 0.195303125
0 0.9888359375 0.1730171875 0.9964609375 0.192371875 0.9536453125 0.206446875 0.9454343749999999 0.1853328125
0 0.94074375 0.202928125 0.949540625 0.199409375 0.9448484374999999 0.18592031250000002 0.9360515625 0.1894390625
0 0.9829703125 0.20175468749999997 0.9548187499999999 0.21055312499999998 0.9647890625000001 0.23929062499999998 0.9929406249999999 0.2310796875
0 0.94719375 0.2152453125 0.9542328124999999 0.2117265625 0.9659625000000001 0.23870468749999998 0.9554046875 0.2404640625
0 0.849040625 0.39978437499999997 0.8410171875 0.374825 0.83255 0.378390625 0.8414640625 0.40290468749999997
0 0.8575078125 0.4193953125 0.8945000000000001 0.4073609375 0.8775640625 0.3605640625 0.840571875 0.3743796875
0 0.7986765625000001 0.3886421875 0.8704328125 0.366803125 0.8633015625 0.352540625 0.7919921875 0.3770546875
0 0.8722156249999999 0.34184375 0.87444375 0.3485296875 0.83700625 0.3605640625 0.8352234375 0.3534328125
0 0.78664375 0.3547703125 0.7906546875 0.36903125000000003 0.8668671874999999 0.3405078125 0.8619656250000001 0.328028125
0 0.8209609375 0.33159375 0.823190625 0.3405078125 0.7857515625 0.3543234375 0.78396875 0.34451875
0 0.8641937499999999 0.3177765625 0.8267562500000001 0.3298109375 0.8289843749999999 0.33917031249999996 0.8673140625 0.326690625
0 0.8699875 0.30039531249999996 0.8931640625 0.2932640625 0.8891515625 0.280784375 0.8646390625 0.289253125
0 0.87578125 0.3155484375 0.8980656249999999 0.307971875 0.8927171875000001 0.29415625 0.8695421874999999 0.3026234375
0 0.8793468750000001 0.3333765625 0.905196875 0.3258 0.9002953125 0.31153749999999997 0.87578125 0.3191140625
0 0.24640937499999999 0.10204375000000002 0.2671 0.0851140625 0.2892015625 0.10909687500000001 0.268040625 0.1260265625
0 0.2685109375 0.0634828125 0.277915625 0.055018750000000005 0.30989218749999997 0.09405 0.301428125 0.1015734375
0 0.2619265625 0.0771203125 0.2727421875 0.067715625 0.301428125 0.101103125 0.2901421875 0.110978125
0 0.9416593750000001 0.6752578125 0.9503890625 0.6724640625 0.9427078124999999 0.6494203125 0.93293125 0.6518640625
0 0.9503890625 0.6983015625 0.9332796875 0.6529125 0.8955718750000001 0.6640843750000001 0.9098875 0.710521875
0 0.9898421875000001 0.7852406249999999 0.9709890624999999 0.7318203125 0.946896875 0.73985 0.9654015625 0.7936203125
0 0.9975234374999999 0.738453125 0.9880968749999999 0.7408984375000001 0.9839062500000001 0.7276296875 0.9901921874999999 0.7255359375
0 0.9772734375000001 0.7457859375 0.9898421875000001 0.741596875 0.9842562499999999 0.72728125 0.9709890624999999 0.73216875
0 0.9908906249999999 0.7855890624999999 0.9978734375 0.7820984375 0.9846046875000001 0.7447390625 0.9769234375 0.746484375