0 0.3184109375 0.161990625 0.306840625 0.170134375 0.312840625 0.1795625 0.325696875 0.1697046875
0 0.2571296875 0.1585625 0.29612656249999997 0.12856406250000002 0.319696875 0.161134375 0.27855625 0.190275
0 0.4384046875 0.32226875 0.40754999999999997 0.348409375 0.39169375 0.329125 0.4251203125 0.30469843750000003
0 0.34798125 0.30641250000000003 0.3698375 0.2892703125 0.39554999999999996 0.3209828125 0.37283750000000004 0.3394109375
0 0.392121875 0.338125 0.3848359375 0.329125 0.37240937500000004 0.33898125 0.379265625 0.3492671875
0 0.325696875 0.36683750000000004 0.30426875 0.334696875 0.2824140625 0.3492671875 0.30598281250000003 0.38269375
0 0.35269531249999997 0.347553125 0.318840625 0.3715515625 0.3646953125 0.4332625 0.3972640625 0.40754999999999997
0 0.38869375 0.43626250000000005 0.3775515625 0.4221203125 0.3638375 0.4345484375 0.3758375 0.4469765625
0 0.266128125 0.4919734375 0.2995546875 0.4696890625 0.3149828125 0.48983125000000005 0.2832703125 0.5138296875
0 0.3501234375 0.50954375 0.3269828125 0.4786890625 0.3089828125 0.49368749999999995 0.332125 0.5262578125
0 0.3754078125 0.5078296875 0.4036921875 0.46111874999999997 0.4345484375 0.47997500000000004 0.40540624999999997 0.52754375
0 0.373265625 0.543828125 0.389121875 0.5198296874999999 0.3745515625 0.509971875 0.3586953125 0.5344
0 0.543828125 0.5652546875 0.5022593750000001 0.52754375 0.5361140625 0.49411562499999995 0.576396875 0.530971875
0 0.7379015625 0.8777156250000001 0.75071875 0.880821875 0.72858125 0.99111875 0.7130468750000001 0.9876234374999999
0 0.7841171874999999 0.8870359375 0.755378125 0.880821875 0.7320765625 0.9934484375 0.7588734374999999 0.998109375