0 0.4661921875 0.4251890625 0.43900468750000005 0.504521875 0.46485468750000003 0.5120984375 0.493825 0.4332109375
0 0.527696875 0.3993390625 0.5285890625 0.46574687499999995 0.5624609375 0.4639640625 0.5588953125 0.3988921875
0 0.39488124999999996 0.537503125 0.390425 0.55265625 0.4354390625 0.566471875 0.4407875 0.550428125
0 0.429478125 0.3757390625 0.47498281249999996 0.393075 0.47065 0.4060765625 0.4247109375 0.3909078125
0 0.3952421875 0.47454999999999997 0.4385796875 0.4901515625 0.4333796875 0.5044531250000001 0.388740625 0.4888515625
0 0.4520140625 0.5304562500000001 0.4056421875 0.5148546875 0.40954375 0.5001187500000001 0.4550484375 0.5139875
0 0.37530625 0.549090625 0.3974078125 0.49665312500000003 0.380940625 0.48971875000000004 0.3575375 0.5391234375
0 0.4390125 0.4862515625 0.4437796875 0.47585 0.39870937500000003 0.45938125 0.39437500000000003 0.471515625
0 0.449846875 0.4589484375 0.406509375 0.44204687500000006 0.400875 0.45591406250000005 0.4450796875 0.47238281249999997
0 0.4550484375 0.44334687500000003 0.41084375 0.42774531250000003 0.4060765625 0.43987968750000006 0.4520140625 0.45548124999999995
0 0.46024843750000005 0.426878125 0.41907812499999997 0.41214375 0.41344375 0.42514531250000004 0.45548124999999995 0.4403125
0 0.466315625 0.409109375 0.42341093750000003 0.3939421875 0.417778125 0.407809375 0.46068125000000004 0.42341093750000003
0 0.47454999999999997 0.387875 0.47931718749999996 0.37400625 0.438146875 0.35667031250000003 0.43207968750000003 0.3731390625
0 0.4901515625 0.357971875 0.447246875 0.33846875 0.43944687499999996 0.3545046875 0.48105000000000003 0.372271875
0 0.4957859375 0.33976875 0.4563484375 0.322434375 0.4494140625 0.33586875 0.48971875000000004 0.3540703125
0 0.5044531250000001 0.32330000000000003 0.46198281249999995 0.304665625 0.45591406250000005 0.3172328125 0.5009859375 0.33673593749999997
0 0.5131203125 0.3055328125 0.471515625 0.286896875 0.46501562500000004 0.30033125 0.5074875 0.3189671875
0 0.5391234375 0.3488703125 0.5568921875 0.3488703125 0.5586249999999999 0.3926421875 0.5408578125 0.393075 0.5404234375 0.3497375
0 0.559925 0.30033125 0.57639375 0.2998984375 0.5811609375 0.393075 0.5633921875000001 0.3926421875
0 0.4053765625 0.5165171875000001 0.39376406249999996 0.5117484375 0.39874062499999996 0.4993078125 0.40869375 0.5024171875000001