0 0.2678578125 0.0005578124999999999 0.2421875 0.0546875 0.2650671875 0.0647328125 0.2896203125 0.011160937499999999
0 0.0463171875 0.014509375 0.023995312499999998 0.0625 0.0608265625 0.0786828125 0.083146875 0.03125
0 0.3364953125 0.700334375 0.3364953125 0.751115625 0.3772328125 0.7516734375 0.377790625 0.7243296875 0.3900671875 0.7243296875 0.3900671875 0.700334375
0 0.41350468749999997 0.6774546875 0.41182968750000004 0.7193078125000001 0.465959375 0.71875 0.46540156250000003 0.676896875
0 0.48772343749999997 0.6869421874999999 0.48660781249999996 0.7282359375 0.5407359375 0.7282359375 0.5407359375 0.6880578125000001
0 0.2795765625 0.8253343750000001 0.270646875 0.84765625 0.2583703125 0.8431921875 0.25 0.8643968750000001 0.3219859375 0.89453125 0.338728125 0.8504468749999999
0 0.48995468750000004 0.8699781249999999 0.46261093750000004 0.9347093750000001 0.491071875 0.9475453125 0.5189734374999999 0.8833703125
0 0.530134375 0.8911828125 0.51953125 0.9168531249999999 0.5491078125 0.9296875 0.5591515625000001 0.9056921875
0 0.5736609374999999 0.9079234375 0.547990625 0.9709828125 0.5758921875 0.9849328125 0.602678125 0.921875
0 0.8699781249999999 0.8521203125 0.8616078125 0.8917406250000001 0.8922984375 0.8978796875 0.89453125 0.8822546875 0.9268968750000001 0.8872765625 0.9302453125 0.8643968750000001
0 0.758928125 0.5452015625 0.7477671875 0.5747765625000001 0.774553125 0.583146875 0.7717640625 0.5904015625000001 0.7974328125000001 0.5982140625000001 0.8074781249999999 0.561384375