0 0.3567234375 0.057365624999999996 0.3191234375 0.0472421875 0.30369687500000003 0.10026874999999999 0.3417796875 0.109909375
0 0.35720625 0.0101234375 0.3306921875 0.0033750000000000004 0.3196046875 0.0414578125 0.34419062500000003 0.0486875
0 0.3567234375 0.039046874999999995 0.36250781249999997 0.013979687499999999 0.3543125 0.0125328125 0.34852812499999997 0.0366359375
0 0.37455937499999997 0.2839328125 0.385646875 0.2916453125 0.4203546875 0.2482609375 0.4087859375 0.240546875
0 0.3731140625 0.26465 0.39818125000000004 0.23428125 0.40830312500000004 0.242475 0.382271875 0.2742921875
0 0.352384375 0.24922499999999997 0.3658828125 0.2299421875 0.387575 0.2453671875 0.37263125 0.266096875
0 0.39480624999999997 0.2313875 0.3808265625 0.22078281249999998 0.37263125 0.2313875 0.38709375 0.242475
0 0.438190625 0.17884375 0.42228281250000005 0.225603125 0.43481718750000004 0.2280140625 0.45024218749999995 0.18221875
0 0.4762734375 0.180771875 0.4521703125 0.1725765625 0.434334375 0.2299421875 0.4608484375 0.23861875000000002
0 0.42501718750000006 0.5043609375 0.433103125 0.5038546875 0.4320921875 0.5200265625 0.42198437499999997 0.5185109375
0 0.38660937500000003 0.4669625 0.3815546875 0.5139625 0.4235015625 0.5185109375 0.4270390625 0.47050000000000003
0 0.242578125 0.5988640625 0.19355781249999998 0.5867359375000001 0.18345 0.62514375 0.23297656249999998 0.6387890625
0 0.049526562499999996 0.7555296874999999 0.062665625 0.75805625 0.07176249999999999 0.7145953125 0.0581171875 0.7110578125
0 0.0788375 0.7621 0.0859125 0.7151 0.07176249999999999 0.713584375 0.0646875 0.7605828125
0 0.0924828125 0.74795 0.098546875 0.7186375 0.0869234375 0.717121875 0.0813640625 0.7464328124999999
0 0.0904609375 0.7621 0.1030953125 0.7646265624999999 0.11067656249999999 0.7196484375 0.0975359375 0.7181328125