0 0.25184843749999997 0.16555 0.22543125000000003 0.1662546875 0.22543125000000003 0.10848906250000001 0.252553125 0.10813593749999999
0 0.240225 0.19020781250000002 0.2261359375 0.19020781250000002 0.2261359375 0.16519843750000002 0.240225 0.16519843750000002
0 0.1613234375 0.3103203125 0.0968640625 0.3177171875 0.0972171875 0.3039796875 0.16097187500000001 0.29728750000000004
0 0.11518124999999999 0.3423734375 0.11482812499999999 0.31525156249999997 0.1637890625 0.3110234375 0.16449375 0.33814687499999996
0 0.302921875 0.22789687500000003 0.34554375 0.201478125 0.37125625 0.24128124999999997 0.32793125 0.2680515625
0 0.439559375 0.123634375 0.4666140625 0.123634375 0.4671953125 0.16407031249999998 0.439559375 0.164653125
0 0.46980468750000004 0.12247656250000001 0.4965703125 0.12247656250000001 0.4965703125 0.1643671875 0.46980468750000004 0.1643671875
0 0.8202640625000001 0.5130265625 0.867690625 0.48580781249999994 0.889546875 0.5200375 0.8408843750000001 0.5484921875000001
0 0.80211875 0.630559375 0.7827359375 0.604578125 0.7443828124999999 0.632209375 0.763765625 0.658603125
0 0.8054171875 0.6078781249999999 0.7934578125 0.6173625 0.7843859375 0.604990625 0.7959328125 0.59674375
0 0.8103671875 0.6243734375 0.814490625 0.6198375 0.8054171875 0.609115625 0.80046875 0.6128265625
0 0.7819109375 0.7728375 0.80088125 0.75221875 0.790159375 0.7435578125 0.7728375 0.764178125
0 0.7666515625 0.7909843750000001 0.7810859375 0.7744875 0.8252124999999999 0.812840625 0.8095421875 0.8313984375000001