0 0.41445156250000004 0.176740625 0.49780625 0.080265625 0.48314218750000004 0.0694609375 0.403646875 0.16825
0 0.3758625 0.08566875 0.3920703125 0.06483124999999999 0.34344687500000004 0.024696875 0.3264671875 0.043220312500000004
0 0.31875 0.05248125 0.3696875 0.0949296875 0.3588828125 0.1041921875 0.3102609375 0.06251562499999999
0 0.3388171875 0.1281171875 0.3557953125 0.1080515625 0.3064015625 0.064059375 0.28864999999999996 0.08566875
0 0.1358359375 0.2747578125 0.00463125 0.5603203125 0.0439921875 0.578071875 0.17596875 0.290965625
0 0.1805984375 0.324153125 0.19217656249999998 0.3002265625 0.1805984375 0.294825 0.16979375000000002 0.3156625
0 0.064059375 0.555690625 0.05248125 0.579615625 0.0903 0.5989109375 0.10342031249999999 0.573440625
0 0.19835 0.3959296875 0.1636203125 0.47465156249999996 0.1860015625 0.48545625000000003 0.22150468750000002 0.405190625
0 0.23925468749999998 0.36891562499999997 0.22150468750000002 0.40441874999999994 0.20992656250000002 0.3997875 0.227678125 0.3642859375
0 0.260865625 0.28710625 0.23848281249999997 0.321065625 0.25237656249999996 0.3280109375 0.2739859375 0.294825
0 0.286334375 0.3040859375 0.2739859375 0.295596875 0.25006093749999997 0.3295546875 0.26318125000000003 0.3388171875
0 0.31103125 0.31875 0.29019375 0.3048578125 0.26704062500000003 0.3388171875 0.29250937499999996 0.352709375
0 0.1651640625 0.5410265625 0.1312046875 0.6158890625 0.1589890625 0.6282390625 0.1906328125 0.5502875
0 0.2014375 0.463075 0.167478125 0.5340796875 0.1914046875 0.544884375 0.226134375 0.47387968750000004
0 0.24234218749999997 0.372003125 0.20452499999999998 0.45844375 0.229221875 0.46770625 0.2678109375 0.381265625
0 0.254690625 0.45844375 0.13969375 0.7247125 0.24697343749999998 0.7710203124999999 0.3635140625 0.5024359375
0 0.3372734375 0.7617578125 0.3519375 0.7332015625 0.324153125 0.717765625 0.3064015625 0.7424640625000001
0 0.2739859375 0.7231687499999999 0.28710625 0.6953843749999999 0.316434375 0.7154499999999999 0.3040859375 0.7393765625000001
0 0.348078125 0.7548125 0.33958750000000004 0.75018125 0.34885 0.7339734375 0.3581109375 0.7378328125
0 0.3573390625 0.5772999999999999 0.29945468750000004 0.7046453125000001 0.2817046875 0.698471875 0.34113125 0.5703546875
0 0.3642859375 0.601225 0.34885 0.5942796875 0.29791093750000003 0.7046453125000001 0.314890625 0.7108203125
0 0.408278125 0.631325 0.3619703125 0.61203125 0.3156625 0.7123640625000001 0.3611984375 0.7324296875
0 0.3197203125 0.331321875 0.3126296875 0.3461484375 0.3603296875 0.36677499999999996 0.364840625 0.3513046875
0 0.3706421875 0.235278125 0.3629078125 0.250103125 0.40287187500000005 0.2745984375 0.41383125 0.2584828125
0 0.3293890625 0.311984375 0.3222984375 0.326165625 0.36613125 0.350015625 0.3758 0.3345453125
0 0.3874015625 0.3158515625 0.3390578125 0.2913578125 0.3300328125 0.3081171875 0.3751546875 0.331321875
0 0.3928140625 0.1855734375 0.3673796875 0.17003125 0.2929625 0.296259375 0.3169828125 0.3103890625
0 0.39513750000000003 0.2997375 0.3493703125 0.273309375 0.340990625 0.288134375 0.388690625 0.31327343750000003
0 0.4054515625 0.2797546875 0.359040625 0.2539703125 0.35259375 0.269440625 0.397071875 0.2965140625
0 0.1794515625 0.19499375000000002 0.16767656250000001 0.1879296875 0.14930625 0.2246671875 0.16108125 0.2312609375
0 0.21760156249999998 0.1502484375 0.20535625 0.1436546875 0.162965625 0.23031875 0.17379843749999999 0.2369125
0 0.25104375 0.113040625 0.23879687500000002 0.10691718750000001 0.1742703125 0.2369125 0.1874578125 0.2444484375
0 0.31133125 0.12481562500000001 0.2604625 0.10032343749999999 0.18839999999999998 0.243978125 0.24209375 0.2698828125
0 0.34806875000000004 0.1488359375 0.30803437499999997 0.131409375 0.24209375 0.270825 0.2816578125 0.28778125
0 0.3664375 0.1690890625 0.33299687499999997 0.2251375 0.319809375 0.21807343750000002 0.3527796875 0.1624953125