0 0.049278125 0.69951875 0.05228437500000001 0.767428125 0.162259375 0.7602156250000001 0.1574515625 0.6923078125
0 0.053485937500000004 0.7728359375 0.05709062499999999 0.8287265625 0.1201921875 0.8257218749999999 0.1171875 0.76923125
0 0.084590625 0.277478125 0.084590625 0.2925640625 0.10991406249999999 0.29418125 0.110453125 0.27855625
0 0.0824359375 0.30926718750000004 0.08081875 0.34105625 0.147090625 0.344828125 0.1492453125 0.313578125
0 0.6783406249999999 0.20204687500000001 0.6783406249999999 0.2494609375 0.7165953125 0.2494609375 0.7155171874999999 0.2025859375
0 0.7316812500000001 0.20097031250000003 0.732759375 0.24730625 0.7715515625 0.24730625 0.7704734375 0.20150937500000002
0 0.4746765625 0.21497812500000002 0.472521875 0.269396875 0.501078125 0.2704734375 0.5026937499999999 0.21443906250000003
0 0.6664875 0.2650859375 0.6670265625 0.3038796875 0.7155171874999999 0.30334062500000003 0.7139015625 0.264546875
0 0.6654093750000001 0.3238140625 0.6670265625 0.36260781249999996 0.7144390625 0.3615296875 0.7144390625 0.3211203125
0 0.7155171874999999 0.6357765625 0.7165953125 0.6869609375 0.7586203125 0.6842671874999999 0.7564656249999999 0.6341593750000001
0 0.7764015625 0.63308125 0.777478125 0.6503234375 0.7947203125 0.64870625 0.793103125 0.63254375