0 0.54296875 0.68359375 0.528459375 0.7282359375 0.5641734375 0.7405140625 0.579240625 0.6947546874999999
0 0.41015625 0.5290171875 0.421875 0.596540625 0.471540625 0.5859375 0.4609375 0.518415625
0 0.3459828125 0.5602671875 0.3515625 0.5920765625 0.4140625 0.5797984375 0.40959843749999997 0.547990625
0 0.44307968750000004 0.639509375 0.444196875 0.6640625 0.46707656249999996 0.66015625 0.46484375 0.6350453125
0 0.498884375 0.635603125 0.467634375 0.6411828125000001 0.469865625 0.678571875 0.502790625 0.6741078125
0 0.8454234375 0.66796875 0.8069203125 0.7220984374999999 0.8381703125 0.7455359374999999 0.8794640625 0.692521875
0 0.7963171874999999 0.7405140625 0.7633921875 0.7890625 0.80859375 0.8231031249999999 0.8314734375 0.7912953125 0.799665625 0.7650671874999999 0.8113843749999999 0.748884375
0 0.751115625 0.8041296875 0.712053125 0.8577015625 0.760603125 0.8917406250000001 0.768415625 0.8800218750000001 0.748884375 0.8677453125 0.7779015625000001 0.8236609375
0 0.890625 0.7890625 0.8543531249999999 0.8404015625 0.8683031250000001 0.8498890625 0.8828125 0.828125 0.9252234375 0.8582593749999999 0.9453125 0.8309156249999999
0 0.84765625 0.8510046875 0.8108265625 0.9084828125 0.8588171875 0.9419640625 0.8816968749999999 0.9073656250000001 0.8465406249999999 0.8822546875 0.8621656249999999 0.8604906250000001
0 0.8236609375 0.9397328125 0.7873890625 0.9921875 0.8024546875 0.9984375 0.8409593750000001 0.9984375 0.8616078125 0.9676343749999999