0 0.52334375 0.3812234375 0.555671875 0.389153125 0.5367625 0.47271718749999997 0.503825 0.46539843750000004
0 0.5715312499999999 0.45746875 0.5410328125 0.4489296875 0.5373734375 0.46539843750000004 0.5660406250000001 0.47271718749999997
0 0.5349328125 0.47576718749999997 0.52944375 0.500775 0.5605515624999999 0.5080953125 0.5654312499999999 0.48247656250000004
0 0.5141953125 0.5538421875 0.5343234375 0.4739375 0.5093156249999999 0.4678375 0.4891859375 0.5477421875
0 0.5703109375000001 0.5111453125 0.594709375 0.5221234375 0.60141875 0.5062656249999999 0.57458125 0.4952859375
0 0.57885 0.5684812499999999 0.6069078125 0.5812906250000001 0.634965625 0.5154140625 0.605078125 0.5032156249999999
0 0.6209374999999999 0.43185 0.6117874999999999 0.455028125 0.59531875 0.44831875 0.60446875 0.42392031250000006
0 0.66424375 0.4464890625 0.630696875 0.4324609375 0.605078125 0.49894531249999996 0.63740625 0.510534375
0 0.1599203125 0.963678125 0.200628125 0.9599390624999999 0.20187343750000003 0.9732312500000001 0.1603359375 0.9778
0 0.19938125 0.9441546875 0.1595046875 0.947478125 0.1595046875 0.962015625 0.20104375000000002 0.9561999999999999
0 0.2002125 0.9275390625 0.1603359375 0.9312781250000001 0.1603359375 0.9449859375 0.20104375000000002 0.941246875
0 0.1981359375 0.9113390625 0.1607515625 0.915909375 0.1607515625 0.9292015625 0.199796875 0.9254625000000001
0 0.199796875 0.8972171875000001 0.15784375 0.9013703124999999 0.15909062499999999 0.9146625 0.19938125 0.9096781249999999
0 0.1964734375 0.882678125 0.16241250000000002 0.8843406249999999 0.162828125 0.8955546875 0.19564375 0.895140625
0 0.1960578125 0.8689718750000001 0.16324375 0.8702171875 0.162828125 0.8830937499999999 0.1968890625 0.8801859375
0 0.1964734375 0.8536015625 0.16199687499999998 0.8544328125 0.16241250000000002 0.8673093749999999 0.1964734375 0.8660640624999999
0 0.19398125 0.8390640625 0.1607515625 0.8394796875000001 0.1603359375 0.8502796874999999 0.19398125 0.8506953125000001