0 0.5140625 0.65625 0.2015625 0.0546875
0 0.8046875 0.75625 0.3875 0.05625
0 0.42521875 0.0625 0.3921875 0.053125
0 0.80625 0.6578125 0.384375 0.0578125
0 0.80859375 0.0640625 0.3828125 0.0546875
0 0.80703125 0.26171875 0.3828125 0.05625
0 0.42109375 0.259375 0.390625 0.053125
0 0.4203125 0.35859375 0.39375 0.05625
0 0.80625 0.3625 0.384375 0.05625
0 0.80625 0.46015625 0.384375 0.0546875
0 0.51640625 0.45859375 0.2015625 0.05625
0 0.51484375 0.55703125 0.2046875 0.053125
0 0.80546875 0.5578125 0.3859375 0.0546875
0 0.12890625 0.159375 0.2 0.0546875
0 0.1140625 0.06015625 0.228125 0.0515625
0 0.80625 0.1640625 0.384375 0.0546875
0 0.42265625 0.16171875 0.3890625 0.053125
0 0.8046875 0.8588125 0.3875 0.05625
0 0.80390625 0.9572499999999999 0.3890625 0.0515625