0 0.8328125 0.121875 0.33125 0.05
0 0.8328125 0.20703125 0.33125 0.05
0 0.83203125 0.29140625 0.3328125 0.0515625
0 0.83359375 0.3765625 0.3328125 0.05
0 0.83203125 0.4625 0.3328125 0.0515625
0 0.8328125 0.54609375 0.334375 0.0484375
0 0.83359375 0.6338125 0.3328125 0.0515625
0 0.83125 0.71796875 0.3328125 0.05
0 0.83359375 0.80390625 0.3328125 0.05
0 0.83046875 0.8875 0.334375 0.05
0 0.83046875 0.97421875 0.334375 0.0484375
0 0.49765625 0.97265625 0.334375 0.05
0 0.496875 0.88671875 0.3359375 0.0515625
0 0.49765625 0.8025625 0.3359375 0.0515625
0 0.16640625 0.034375 0.3328125 0.053125
0 0.4994375 0.63046875 0.3359375 0.0515625
0 0.49765625 0.7171875 0.3359375 0.05
0 0.16640625 0.11875 0.3328125 0.05
0 0.165625 0.203125 0.33125 0.05
0 0.165625 0.2890625 0.33125 0.0515625
0 0.165625 0.376 0.33125 0.05
0 0.16640625 0.459375 0.3328125 0.05
0 0.16484375 0.54375 0.3296875 0.05
0 0.16484375 0.63146875 0.3296875 0.0515625
0 0.16328125 0.717640625 0.3265625 0.0515625
0 0.1640625 0.80334375 0.328125 0.05
0 0.5025625 0.11875 0.3359375 0.0515625
0 0.50078125 0.20390625 0.3328125 0.053125
0 0.4984375 0.2890625 0.3359375 0.0515625
0 0.5 0.37578125 0.334375 0.0515625
0 0.5002187499999999 0.459375 0.3359375 0.0515625
0 0.501 0.5453125 0.3375 0.0515625
0 0.1640625 0.8859375 0.328125 0.05
0 0.1640625 0.9703125 0.328125 0.05
0 0.5015625 0.034375 0.3328125 0.0515625
0 0.83515625 0.0359375 0.3296875 0.046875