0 0.35625 0.1578125 0.16875 0.159375
0 0.634375 0.34921875 0.446875 0.4015625
0 0.9125 0.58828125 0.121875 0.1265625
0 0.84375 0.6859375 0.125 0.128125
0 0.7609375 0.7431875 0.15625 0.1453125
0 0.6955312499999999 0.6234375 0.090625 0.09375
0 0.64609375 0.69375 0.0859375 0.1
0 0.6 0.65625 0.09375 0.1
0 0.6453125 0.58984375 0.090625 0.0890625
0 0.59709375 0.5515625 0.084375 0.090625
0 0.5484375 0.51484375 0.0875 0.0890625
0 0.55 0.61896875 0.090625 0.103125
0 0.50078125 0.5828125 0.0921875 0.103125
0 0.42265625 0.40546875 0.2078125 0.1765625
0 0.38359375 0.465625 0.2515625 0.240625
0 0.253125 0.28359375 0.16875 0.1609375
0 0.2078125 0.3546875 0.175 0.175