0 0.0953125 0.2234375 0.090625 0.0625
0 0.03359375 0.3890625 0.0640625 0.0875
0 0.2875 0.39140625 0.078125 0.0546875
0 0.8578125 0.08984375 0.075 0.0734375
0 0.7640625 0.2640625 0.040625 0.053125
0 0.8234375 0.25703125 0.06875 0.0578125
0 0.7390625 0.434375 0.09375 0.0625
0 0.75725 0.61015625 0.0828125 0.0609375
0 0.65859375 0.7078125 0.0484375 0.0375
0 0.66640625 0.74296875 0.0359375 0.0265625
0 0.696875 0.76875 0.071875 0.059375
0 0.6859375 0.8140625 0.0375 0.028125
0 0.68125 0.93359375 0.071875 0.0765625
0 0.58515625 0.92265625 0.0734375 0.0796875