0 0.6796875 0.25390625 0.134375 0.0390625
0 0.68415625 0.313953125 0.278125 0.0390625
0 0.684375 0.36640625 0.346875 0.0390625
0 0.878125 0.36796875 0.040625 0.0390625
0 0.70234375 0.42109375 0.2796875 0.0359375
0 0.49765625 0.4171875 0.1328125 0.0375
0 0.5875 0.4734375 0.375 0.0375
0 0.521875 0.53125 0.375 0.040625
0 0.5453125 0.58359375 0.196875 0.0390625
0 0.35703125 0.58203125 0.1328125 0.0390625
0 0.396875 0.63828125 0.375 0.0390625
0 0.33046875 0.69296875 0.3734375 0.0421875
0 0.353125 0.74765625 0.196875 0.0390625
0 0.09665625 0.7443125 0.1875 0.0359375
0 0.1921875 0.80234375 0.38125 0.0390625
0 0.15859375 0.8546875 0.3109375 0.040625
0 0.16953125 0.91171875 0.1515625 0.0390625
0 0.1484375 0.9671875 0.046875 0.034375