0 0.5828125 0.1015625 0.178125 0.05625
0 0.76640625 0.12734375 0.1828125 0.0578125
0 0.75859375 0.16953125 0.1859375 0.0578125
0 0.75234375 0.21328125 0.1890625 0.0609375
0 0.7484375 0.25546875 0.184375 0.0640625
0 0.7421875 0.2984375 0.184375 0.059375
0 0.7359375 0.33984375 0.1875 0.0609375
0 0.73046875 0.38046875 0.1890625 0.0609375
0 0.721875 0.425 0.190625 0.059375
0 0.71640625 0.4671875 0.1859375 0.059375
0 0.71015625 0.5109375 0.1890625 0.059375
0 0.70546875 0.55234375 0.1890625 0.0609375
0 0.69765625 0.59609375 0.1890625 0.0578125
0 0.6921875 0.63671875 0.19375 0.0578125
0 0.68671875 0.67890625 0.1890625 0.0578125
0 0.68125 0.7203125 0.1875 0.05625
0 0.675 0.765625 0.1875 0.053125
0 0.66896875 0.8078125 0.1875 0.05625
0 0.66328125 0.8517812499999999 0.1859375 0.059375
0 0.65546875 0.88671875 0.1890625 0.0515625
0 0.57734375 0.1453125 0.1734375 0.053125
0 0.571875 0.1859375 0.175 0.05
0 0.565625 0.22890625 0.175 0.0484375
0 0.55859375 0.27109375 0.1734375 0.0515625
0 0.55390625 0.31462500000000004 0.1703125 0.0515625
0 0.5494375 0.3578125 0.1703125 0.05625
0 0.53984375 0.40078125 0.1765625 0.0515625
0 0.53359375 0.4421875 0.1765625 0.053125
0 0.52890625 0.48515625 0.1765625 0.0484375
0 0.5203125 0.5296875 0.175 0.053125
0 0.51484375 0.56953125 0.1765625 0.0578125
0 0.509375 0.61171875 0.175 0.0546875
0 0.503125 0.65546875 0.171875 0.0484375
0 0.496875 0.696875 0.171875 0.05625
0 0.490625 0.740625 0.175 0.05625
0 0.48671875 0.7828125 0.1765625 0.05625
0 0.478125 0.82265625 0.178125 0.0546875
0 0.47265625 0.8671875 0.1765625 0.059375