0 0.1015625 0.18046875 0.075 0.0984375
0 0.1005625 0.3046875 0.0671875 0.096875
0 0.10234375 0.43125 0.0703125 0.0875
0 0.1046875 0.5536875 0.065625 0.0828125
0 0.09921875 0.67890625 0.0703125 0.0953125
0 0.1 0.80390625 0.06875 0.0890625
0 0.09921875 0.92890625 0.0703125 0.0890625
0 0.26428124999999997 0.9306875 0.08125 0.0953125
0 0.26584375 0.8 0.078125 0.09375
0 0.4296875 0.80234375 0.08125 0.0984375
0 0.4306875 0.92890625 0.0796875 0.0984375
0 0.59140625 0.92734375 0.0828125 0.0984375
0 0.75390625 0.92578125 0.0734375 0.0953125
0 0.91640625 0.92734375 0.0796875 0.1015625
0 0.9171875 0.80234375 0.084375 0.0953125
0 0.92109375 0.678125 0.0828125 0.09375
0 0.75859375 0.6765625 0.0796875 0.090625
0 0.7578125 0.80078125 0.078125 0.0953125
0 0.7588125 0.5515625 0.0765625 0.09375
0 0.7578125 0.42421875 0.084375 0.1046875
0 0.59453125 0.42578125 0.0765625 0.0984375
0 0.5917343749999999 0.55 0.08125 0.096875
0 0.5963125 0.67578125 0.0765625 0.0984375
0 0.59296875 0.8015625 0.0796875 0.09375
0 0.59375 0.30390625 0.075 0.0984375
0 0.4296875 0.3046875 0.08125 0.096875
0 0.43359375 0.18125 0.0765625 0.09375
0 0.265625 0.17890625 0.078125 0.1015625
0 0.26428124999999997 0.303125 0.075 0.096875
0 0.26640625 0.428125 0.0734375 0.096875
0 0.26484375 0.55390625 0.0796875 0.0953125
0 0.4296875 0.55390625 0.08125 0.0984375
0 0.42890625 0.67890625 0.0796875 0.1015625
0 0.26484375 0.68203125 0.0828125 0.1046875