0 0.16953125 0.23359375 0.0671875 0.0484375
0 0.23984375 0.23046875 0.0578125 0.0453125
0 0.1921875 0.3125 0.1 0.05
0 0.19453125 0.38984375 0.0984375 0.0515625
0 0.19609375 0.46875 0.1015625 0.046875
0 0.19140625 0.5453125 0.1046875 0.05
0 0.30078125 0.62421875 0.1078125 0.0484375
0 0.3015625 0.54375 0.1 0.0375
0 0.3 0.46875 0.1 0.04375
0 0.40703125 0.70078125 0.1015625 0.0515625
0 0.5171875 0.77578125 0.103125 0.0453125
0 0.62578125 0.7765625 0.0984375 0.046875
0 0.7328125 0.77165625 0.1 0.040625
0 0.8421875 0.77578125 0.1 0.0453125
0 0.9484375 0.77421875 0.103125 0.0453125
0 0.9453125 0.6953125 0.096875 0.046875
0 0.94765625 0.61953125 0.1046875 0.0453125
0 0.840625 0.61796875 0.103125 0.0515625
0 0.83984375 0.6953125 0.1015625 0.046875
0 0.73125 0.696875 0.1 0.04375
0 0.6252187499999999 0.70021875 0.1 0.046875
0 0.5171875 0.7 0.096875 0.05
0 0.41271874999999997 0.6234375 0.103125 0.046875
0 0.51640625 0.62109375 0.0984375 0.0453125
0 0.62578125 0.62109375 0.1015625 0.0484375
0 0.73125 0.6203125 0.1 0.04375
0 0.9453125 0.54140625 0.103125 0.0453125
0 0.840625 0.54140625 0.1 0.0484375
0 0.946875 0.46640625 0.1 0.0515625
0 0.8390625 0.46740624999999997 0.1 0.05
0 0.9421875 0.3859375 0.09375 0.05
0 0.83984375 0.3859375 0.0984375 0.05
0 0.83828125 0.30859375 0.0984375 0.0484375
0 0.7328125 0.3078125 0.103125 0.05
0 0.73046875 0.3859375 0.1015625 0.05
0 0.73359375 0.46640625 0.0984375 0.0515625
0 0.73125 0.540625 0.1 0.05
0 0.6244375 0.5421875 0.0984375 0.046875
0 0.62578125 0.46484375 0.1015625 0.0484375
0 0.6275625 0.3859375 0.1015625 0.04375
0 0.625 0.309375 0.1 0.05
0 0.5171875 0.30859375 0.103125 0.0546875
0 0.51484375 0.3875 0.1015625 0.05
0 0.51875 0.46640625 0.1 0.0515625
0 0.51484375 0.54453125 0.1015625 0.0515625
0 0.409375 0.465625 0.1 0.04375
0 0.410375 0.38828125 0.0984375 0.0453125
0 0.409375 0.31015625 0.096875 0.0453125
0 0.305921875 0.309375 0.1046875 0.05
0 0.29921875 0.3890625 0.0984375 0.05