0 0.4328125 0.52109375 0.34375 0.0609375
0 0.4515625 0.603125 0.284375 0.0625
0 0.46640625 0.68046875 0.1921875 0.0609375
0 0.26015625 0.815625 0.2828125 0.053125
0 0.3015625 0.89765625 0.35 0.0609375
0 0.63984375 0.82890625 0.1234375 0.0453125
0 0.8546875 0.8328125 0.290625 0.04375
0 0.8203125 0.89375 0.359375 0.04375
0 0.8578125 0.9625 0.284375 0.05
0 0.85703125 0.7 0.2859375 0.04375
0 0.8453125 0.76328125 0.309375 0.0484375
0 0.8453125 0.63203125 0.309375 0.0421875
0 0.8453125 0.5734375 0.309375 0.04375
0 0.84375 0.50625 0.3125 0.04375