0 0.22421875 0.1171875 0.1171875 0.059375
0 0.21171875 0.18828125 0.2015625 0.0515625
0 0.375 0.18984375 0.13125 0.0546875
0 0.2890625 0.27890625 0.375 0.0578125
0 0.31171875 0.375 0.1953125 0.05
0 0.3421875 0.465625 0.065625 0.05
0 0.31875 0.5953125 0.05625 0.053125
0 0.36328125 0.6828125 0.1234375 0.053125
0 0.40803124999999996 0.7734375 0.203125 0.053125
0 0.56015625 0.86796875 0.0578125 0.0484375
0 0.4296875 0.86796875 0.2 0.0484375
0 0.32834375 0.959375 0.090625 0.046875
0 0.428125 0.9578125 0.096875 0.046875
0 0.5488906250000001 0.9535625 0.1375 0.046875