0 0.10390625 0.078125 0.0859375 0.1
0 0.10390625 0.20234375 0.0859375 0.0984375
0 0.265296875 0.2015625 0.0765625 0.1
0 0.26115625 0.31796875 0.078125 0.0890625
0 0.10078125 0.3234375 0.0703125 0.090625
0 0.4203125 0.3203125 0.075 0.09375
0 0.579125 0.43984375 0.0765625 0.0984375
0 0.42109375 0.440625 0.0765625 0.09375
0 0.2640625 0.44375 0.078125 0.0875
0 0.1046875 0.44453125 0.075 0.0953125
0 0.10078125 0.56796875 0.0828125 0.1015625
0 0.259375 0.5625 0.065625 0.09375
0 0.41484375 0.5640625 0.0734375 0.09375
0 0.58125 0.56171875 0.084375 0.0921875
0 0.73828125 0.68203125 0.0859375 0.0921875
0 0.9 0.80546875 0.071875 0.0984375
0 0.73515625 0.80078125 0.0734375 0.0921875
0 0.9046875 0.9203125 0.084375 0.090625
0 0.73615625 0.925 0.08125 0.09375
0 0.5796875 0.68203125 0.078125 0.0921875
0 0.578125 0.80703125 0.075 0.0890625
0 0.57578125 0.92421875 0.0734375 0.0890625
0 0.41875 0.684375 0.078125 0.090625
0 0.2640625 0.6875 0.08125 0.09375
0 0.1015625 0.68515625 0.08125 0.0953125
0 0.1015625 0.80859375 0.078125 0.0953125
0 0.2609375 0.80859375 0.075 0.0921875
0 0.41875 0.80390625 0.075 0.0921875
0 0.41896875 0.92421875 0.075 0.0890625
0 0.2625 0.925 0.075 0.090625
0 0.1 0.92734375 0.08125 0.0921875