0 0.9468576142421941 0.22944930480048453 0.9490378172518711 0.22601260205056767 0.9513815591090476 0.22804572066205595 0.9531287640251926 0.22355458775208503 0.9543193914126241 0.22457404736968578 0.9556743416894851 0.22071155705463655 0.9580519267224001 0.2230492084110696 0.9597864914162814 0.21854792440960047 0.9625547000920593 0.22085077202375414 0.9639251448349213 0.21673305426532263 0.9664764309866878 0.2189445420559928 0.9680499347839816 0.21512555641879283 0.9691268001710385 0.21567734074951417 0.9709221194816071 0.21152771956065985 0.9734460864433194 0.21310621428862347 0.9748242784191816 0.20972082527398764 0.9779345885942935 0.2116089282926451 0.9790726163471432 0.20801254159044041 0.9801197160495145 0.20861145598883174 0.9816512216889638 0.20391222570314863 0.9825331830036946 0.20438062606799218 0.9838273786638683 0.2009611583890411 0.9867203585658635 0.20336551691817636 0.9882539029508393 0.19929782953927147 0.9893625727681085 0.20015632184883003 0.9907264935252857 0.1956934669794611 0.9938628996431358 0.19796223592929948 0.9951791137549948 0.1938894730046455 0.9983803519805853 0.1957188447082065 0.9999860679571964 0.1919484392946048 0.9999057413834553 0.25512375723339337 0.9993516103493734 0.2549888927320607 0.9980977818506228 0.2589623199756256 0.9945711598390153 0.25732219362070885 0.9937124402232856 0.26086492455356614
0 0.5954466699822479 0.7770984471236791 0.5930771490984549 0.814508554386255 0.6340049986102287 0.8175679137369898 0.636352492384725 0.7793021033111462
0 0.5776621588776301 0.7861318495895168 0.591279322082653 0.8145200225729791 0.5652609353558982 0.8494380046435634 0.5516938897631418 0.8204993586973393
0 0.5477747856172162 0.8272885252380704 0.5617942644987174 0.8547645362928533 0.5424904441789377 0.8806932243080778 0.5284317742559772 0.8528890466793405
0 0.45583825781099846 0.9015335660905922 0.46301852166657503 0.9149213508387906 0.4696596668819557 0.9258558257962181 0.45316619149719733 0.9482787773466732 0.44619365874137645 0.9363897963865078 0.4396497469959454 0.9235701279652624
0 0.4751471555817263 0.8812084105424576 0.48013310064509274 0.8755263651047174 0.5226524040935918 0.9730535893438005 0.5178482769354723 0.9783413055918696 0.5211110551592385 0.9854321736602684 0.5165872183609225 0.9912765380485666 0.5200285886723512 1.0005128392026017 0.5060621913280163 1.0001952586471623 0.47125211299694575 0.9204393129895537 0.47596396757643966 0.9158899715328814 0.47243131686465023 0.9077475589586939 0.47718385075300057 0.9024307311597091 0.47383227257453553 0.8946667687474203 0.478460784179787 0.8892908356783956
0 0.5192273366767431 0.6668909370404605 0.5235607219731258 0.6776392745056721 0.5360413323659355 0.6614329623279472 0.5311965258989596 0.650129741058926
0 0.5244356577859527 0.6786343602460495 0.5363682551041843 0.6628444314632344 0.5408013075912719 0.6732134365983373 0.5286689517694039 0.6891674486681296
0 0.5294582295790453 0.6901175438298197 0.5412676313757239 0.6744634689512761 0.5459755172421586 0.6850644843254918 0.5336536553717154 0.7006868011484916
0 0.5342896416394466 0.7021900157775725 0.5385500551084604 0.7126975213215756 0.5502185675915386 0.6964206356870863 0.5462915260194947 0.6862836407910962
0 0.5422201688905705 0.714316299986108 0.5467742207453156 0.7244779955919657 0.5589933921653529 0.7086492514079302 0.5539903332651427 0.6986516390890495
0 0.4576509893501492 0.7234599734781398 0.4818700607937049 0.7823544053162047 0.500820665651219 0.7594392039048182 0.4755379791078068 0.7012637391575404