0 0.28825918237412146 0 0.30729467782053405 0.00013617935399354606 0.31054998713960175 0.06143586446270917 0.30054615670805895 0.0643346987440307 0.3000496372959142 0.05431770265601399 0.2911499505381547 0.05651443190731963
0 0.3350334417982638 0.18888299643746795 0.3447815454085742 0.1857821255735822 0.3482791511790803 0.2435098932005 0.329299053246059 0.24869252222174604 0.3261554764874993 0.20386272537675743 0.3361191334141404 0.2009940291491886
0 0.8209392364346281 0.8826922481018735 0.8423498554634379 0.8926255273739104 0.830217456983118 1.0000855485895845 0.8078138231792532 1.0000342022757835
0 0.4004531104773906 0.9989938813092101 0.41031459866129316 0.9385615024140433 0.4277706142521053 0.9549811605881827 0.41964928915181665 1.0002116819256606
0 0.3994476655853775 0.8732076909634873 0.4101413504214045 0.8788557854815799 0.4087873777640137 0.9160506087092258 0.3972500493250505 0.9107027785044467
0 0.4173304205788852 0.90783854717373 0.4238254505285534 0.9065325648444477 0.42475006885230715 0.8854381596660056 0.43085706930838286 0.8854203000785965 0.4326598553408477 0.8481127382054315 0.42676815976260457 0.8477901494078567 0.4272326659130307 0.8308972121673791 0.4206435833981343 0.8302832888501952
0 0.39514881301692084 0.8189692402266006 0.4072111954076352 0.8226806857350312 0.4057718540523282 0.8606434712212635 0.393545926630909 0.8567679407535128
0 0.43485067582710346 0.8226840344076704 0.4561544508871999 0.8260293583742166 0.4557357676408022 0.8360965845518211 0.45067641686724164 0.835426850023984 0.45051823369169114 0.8424378543062253 0.43945419935735136 0.8422771180195444 0.4396042222897187 0.8335694529334491 0.43465660407666606 0.8327858635358798
0 0.39193408728330287 0.7432445896124873 0.40010116850761024 0.7462070486739533 0.40047089029490895 0.7351218260140363 0.4096699952063891 0.7387004408411125 0.40671535946307025 0.7964706249881266 0.39753069190491414 0.7926363948162592 0.3989587344619675 0.7707148674959384 0.391020700977793 0.7659240331734771
0 0.4165267391454807 0.7318144536707343 0.42680901673508603 0.729751671324996 0.4244130437943069 0.7772057112948928 0.4144387157804263 0.7784503012924568
0 0.3951488130169209 0.6535180224697263 0.39436030523123694 0.6787089705101054 0.4039354090401566 0.6800886236374497 0.40478972373033234 0.6564659706164225
0 0.41057949653828735 0.6380873389483598 0.4085986741638268 0.6779008241798486 0.42217166942148193 0.6780001681348111 0.42293684914765683 0.6584561983883118 0.42873627120682883 0.6584796390967861 0.42985547994495027 0.6390093401483489